2000 2000 20 6
632 1407 178 178 0 5
1205 1641 117 117 0 3
1379 1345 170 170 0 3
884 849 172 172 0 2
1366 1515 187 187 0 3
909 759 90 90 0 2
1056 934 108 108 0 0
661 96 168 168 0 1
529 1208 101 101 0 5
621 902 138 138 0 2
621 767 128 128 0 2
1155 743 149 149 0 0
1132 1345 112 112 0 3
502 295 133 133 0 1
1326 972 193 193 0 0
428 983 188 188 0 2
1217 585 150 150 0 4
1205 1480 161 161 0 3
1309 192 82 82 0 4
909 613 146 146 0 2
1056 96 65 65 0 4
1309 96 96 96 0 4
1295 504 81 81 0 4
428 1442 173 173 0 5
616 1040 84 84 0 2
640 359 117 117 0 1
1317 743 80 80 0 0
1319 823 77 77 0 0
632 1208 199 199 0 5
1056 842 92 92 0 0
1056 1045 133 133 0 0
428 613 177 177 0 2
1398 401 146 146 0 4
1295 401 103 103 0 4
771 421 150 150 0 1
1397 743 134 134 0 0
1189 1045 130 130 0 0
1376 547 196 196 0 4
1223 1175 103 103 0 0
700 1040 168 168 0 2
749 767 135 135 0 2
1326 1165 168 168 0 0
1294 284 117 117 0 4
428 428 185 185 0 1
428 1208 101 101 0 5
831 1600 111 111 0 3
1121 284 173 173 0 4
1121 96 188 188 0 4
1326 900 72 72 0 0
428 790 193 193 0 2
1244 1345 135 135 0 3
428 219 74 74 0 1
551 206 89 89 0 1
1164 892 153 153 0 0
1021 1541 184 184 0 3
551 96 110 110 0 1
616 1124 71 71 0 2
831 1345 65 65 0 3
1056 457 125 125 0 4
428 1309 71 71 0 5
661 264 95 95 0 1
1322 1702 195 195 0 3
868 1021 186 186 0 2
1021 1725 179 179 0 3
1056 743 99 99 0 0
635 476 136 136 0 1
1181 457 114 114 0 4
1056 1178 167 167 0 0
499 1309 133 133 0 5
605 613 154 154 0 2
1411 260 135 135 0 4
1398 877 68 68 0 0
1200 1758 122 122 0 3
831 1711 190 190 0 3
831 1410 190 190 0 3
1056 582 161 161 0 4
759 902 101 101 0 2
1405 96 164 164 0 4
759 613 150 150 0 2
1021 1345 111 111 0 3
757 264 157 157 0 1
1021 1456 85 85 0 3
428 96 123 123 0 1
