2000 2000 20 6
652 1792 178 178 0 5
1652 1632 117 117 0 3
1826 1336 170 170 0 3
783 1126 172 172 0 2
1813 1506 187 187 0 3
808 1036 90 90 0 2
958 1487 108 108 0 0
677 241 168 168 0 1
549 1593 101 101 0 5
520 1179 138 138 0 2
520 1044 128 128 0 2
1057 1296 149 149 0 0
1579 1336 112 112 0 3
518 440 133 133 0 1
1228 1525 193 193 0 0
327 1260 188 188 0 2
1576 848 150 150 0 4
1652 1471 161 161 0 3
1668 455 82 82 0 4
808 890 146 146 0 2
1415 359 65 65 0 4
1668 359 96 96 0 4
1654 767 81 81 0 4
448 1827 173 173 0 5
515 1317 84 84 0 2
656 504 117 117 0 1
1219 1296 80 80 0 0
1221 1376 77 77 0 0
652 1593 199 199 0 5
958 1395 92 92 0 0
958 1598 133 133 0 0
327 890 177 177 0 2
1757 664 146 146 0 4
1654 664 103 103 0 4
787 566 150 150 0 1
1299 1296 134 134 0 0
1091 1598 130 130 0 0
1735 810 196 196 0 4
1125 1728 103 103 0 0
599 1317 168 168 0 2
648 1044 135 135 0 2
1228 1718 168 168 0 0
1653 547 117 117 0 4
444 573 185 185 0 1
448 1593 101 101 0 5
1278 1591 111 111 0 3
1480 547 173 173 0 4
1480 359 188 188 0 4
1228 1453 72 72 0 0
327 1067 193 193 0 2
1691 1336 135 135 0 3
444 364 74 74 0 1
567 351 89 89 0 1
1066 1445 153 153 0 0
1468 1532 184 184 0 3
567 241 110 110 0 1
515 1401 71 71 0 2
1278 1336 65 65 0 3
1415 720 125 125 0 4
448 1694 71 71 0 5
677 409 95 95 0 1
1769 1693 195 195 0 3
767 1298 186 186 0 2
1468 1716 179 179 0 3
958 1296 99 99 0 0
651 621 136 136 0 1
1540 720 114 114 0 4
958 1731 167 167 0 0
519 1694 133 133 0 5
504 890 154 154 0 2
1770 523 135 135 0 4
1300 1430 68 68 0 0
1647 1749 122 122 0 3
1278 1702 190 190 0 3
1278 1401 190 190 0 3
1415 845 161 161 0 4
658 1179 101 101 0 2
1764 359 164 164 0 4
658 890 150 150 0 2
1468 1336 111 111 0 3
773 409 157 157 0 1
1468 1447 85 85 0 3
444 241 123 123 0 1
