2000 2000 20
632 1407 178 178 0 5
1205 1641 117 117 0 3
1379 1345 170 170 0 3
884 849 172 172 0 2
1366 1515 187 187 0 3
909 759 90 90 0 2
1056 934 108 108 0 0
661 96 168 168 0 1
529 1208 101 101 0 5
621 902 138 138 0 2
621 767 128 128 0 2
1155 743 149 149 0 0
1132 1345 112 112 0 3
502 295 133 133 0 1
1326 972 193 193 0 0
428 983 188 188 0 2
1217 585 150 150 0 4
1205 1480 161 161 0 3
1309 192 82 82 0 4
909 613 146 146 0 2
1056 96 65 65 0 4
1309 96 96 96 0 4
1295 504 81 81 0 4
428 1442 173 173 0 5
616 1040 84 84 0 2
640 359 117 117 0 1
1317 743 80 80 0 0
1319 823 77 77 0 0
632 1208 199 199 0 5
1056 842 92 92 0 0
1056 1045 133 133 0 0
428 613 177 177 0 2
1398 401 146 146 0 4
1295 401 103 103 0 4
771 421 150 150 0 1
1397 743 134 134 0 0
1189 1045 130 130 0 0
1376 547 196 196 0 4
1223 1175 103 103 0 0
700 1040 168 168 0 2
749 767 135 135 0 2
1326 1165 168 168 0 0
1294 284 117 117 0 4
428 428 185 185 0 1
428 1208 101 101 0 5
831 1600 111 111 0 3
1121 284 173 173 0 4
1121 96 188 188 0 4
1326 900 72 72 0 0
428 790 193 193 0 2
1244 1345 135 135 0 3
428 219 74 74 0 1
551 206 89 89 0 1
1164 892 153 153 0 0
1021 1541 184 184 0 3
551 96 110 110 0 1
616 1124 71 71 0 2
831 1345 65 65 0 3
1056 457 125 125 0 4
428 1309 71 71 0 5
661 264 95 95 0 1
1322 1702 195 195 0 3
868 1021 186 186 0 2
1021 1725 179 179 0 3
1056 743 99 99 0 0
635 476 136 136 0 1
1181 457 114 114 0 4
1056 1178 167 167 0 0
499 1309 133 133 0 5
605 613 154 154 0 2
1411 260 135 135 0 4
1398 877 68 68 0 0
1200 1758 122 122 0 3
831 1711 190 190 0 3
831 1410 190 190 0 3
1056 582 161 161 0 4
759 902 101 101 0 2
1405 96 164 164 0 4
759 613 150 150 0 2
1021 1345 111 111 0 3
757 264 157 157 0 1
1021 1456 85 85 0 3
428 96 123 123 0 1
0 1820 38 20 1 -1
0 620 35 20 1 -1
0 1340 39 20 1 -1
0 1780 36 20 1 -1
0 320 37 20 1 -1
0 540 25 20 1 -1
0 1160 31 20 1 -1
0 200 34 20 1 -1
0 1360 38 20 1 -1
0 420 24 20 1 -1
0 1580 38 20 1 -1
0 1420 21 20 1 -1
0 600 27 20 1 -1
0 1440 28 20 1 -1
0 1080 32 20 1 -1
0 360 39 20 1 -1
0 1560 22 20 1 -1
0 1220 30 20 1 -1
0 1100 36 20 1 -1
0 280 34 20 1 -1
36 1780 26 20 1 -1
0 1200 22 20 1 -1
0 880 36 20 1 -1
38 1360 28 20 1 -1
0 1040 29 20 1 -1
0 20 29 20 1 -1
24 420 34 20 1 -1
34 200 33 20 1 -1
0 1260 35 20 1 -1
37 320 27 20 1 -1
0 860 32 20 1 -1
39 360 37 20 1 -1
34 280 32 20 1 -1
28 1440 32 20 1 -1
0 480 39 20 1 -1
0 660 21 20 1 -1
62 1780 32 20 1 -1
29 1040 31 20 1 -1
38 1580 31 20 1 -1
35 1260 38 20 1 -1
0 1700 34 20 1 -1
0 1600 37 20 1 -1
67 200 23 20 1 -1
36 880 39 20 1 -1
0 800 28 20 1 -1
22 1200 26 20 1 -1
90 200 20 20 1 -1
39 480 28 20 1 -1
32 860 33 20 1 -1
73 1260 34 20 1 -1
0 240 25 20 1 -1
0 1940 33 20 1 -1
0 760 37 20 1 -1
64 320 20 20 1 -1
0 1740 38 20 1 -1
65 860 31 20 1 -1
84 320 23 20 1 -1
48 1200 34 20 1 -1
66 280 36 20 1 -1
0 960 37 20 1 -1
0 120 32 20 1 -1
110 200 29 20 1 -1
37 760 27 20 1 -1
27 600 29 20 1 -1
28 800 20 20 1 -1
75 880 36 20 1 -1
37 1600 29 20 1 -1
0 920 24 20 1 -1
37 960 28 20 1 -1
58 420 24 20 1 -1
36 1100 34 20 1 -1
60 1440 30 20 1 -1
25 240 30 20 1 -1
32 120 38 20 1 -1
70 120 33 20 1 -1
55 240 31 20 1 -1
82 1200 24 20 1 -1
60 1040 24 20 1 -1
38 1820 27 20 1 -1
34 1700 27 20 1 -1
86 240 34 20 1 -1
64 760 24 20 1 -1
0 1480 39 20 1 -1
70 1100 32 20 1 -1
33 1940 35 20 1 -1
68 1940 20 20 1 -1
102 280 24 20 1 -1
102 1100 21 20 1 -1
56 600 39 20 1 -1
94 1780 32 20 1 -1
66 1600 32 20 1 -1
106 1200 36 20 1 -1
61 1700 23 20 1 -1
35 620 33 20 1 -1
31 1160 22 20 1 -1
90 1440 29 20 1 -1
88 1940 22 20 1 -1
39 1480 25 20 1 -1
69 1580 22 20 1 -1
91 1580 27 20 1 -1
98 1600 31 20 1 -1
126 280 22 20 1 -1
38 1740 39 20 1 -1
82 420 21 20 1 -1
65 1820 33 20 1 -1
84 1700 36 20 1 -1
66 1360 34 20 1 -1
84 1040 38 20 1 -1
110 1940 31 20 1 -1
120 240 23 20 1 -1
139 200 31 20 1 -1
29 20 33 20 1 -1
103 120 33 20 1 -1
143 240 37 20 1 -1
120 1700 34 20 1 -1
136 120 23 20 1 -1
103 420 31 20 1 -1
0 100 23 20 1 -1
98 1820 29 20 1 -1
88 760 32 20 1 -1
120 760 31 20 1 -1
0 160 21 20 1 -1
129 1600 21 20 1 -1
123 1100 28 20 1 -1
118 1580 30 20 1 -1
180 240 22 20 1 -1
95 600 37 20 1 -1
127 1820 23 20 1 -1
141 1940 38 20 1 -1
53 1160 37 20 1 -1
107 320 25 20 1 -1
64 1480 31 20 1 -1
95 1480 29 20 1 -1
148 280 30 20 1 -1
100 1360 34 20 1 -1
151 760 22 20 1 -1
159 120 21 20 1 -1
65 960 30 20 1 -1
179 1940 25 20 1 -1
134 1360 29 20 1 -1
62 20 30 20 1 -1
132 320 34 20 1 -1
67 480 25 20 1 -1
126 1780 28 20 1 -1
151 1100 38 20 1 -1
148 1580 27 20 1 -1
150 1820 34 20 1 -1
180 120 38 20 1 -1
166 320 34 20 1 -1
134 420 33 20 1 -1
92 20 39 20 1 -1
154 1780 24 20 1 -1
184 1820 20 20 1 -1
122 1040 26 20 1 -1
90 1160 39 20 1 -1
95 960 26 20 1 -1
150 1600 35 20 1 -1
163 1360 24 20 1 -1
121 960 24 20 1 -1
124 1480 34 20 1 -1
173 760 22 20 1 -1
96 860 29 20 1 -1
167 420 22 20 1 -1
178 1780 30 20 1 -1
208 1780 21 20 1 -1
195 760 25 20 1 -1
132 600 21 20 1 -1
92 480 29 20 1 -1
142 1200 20 20 1 -1
154 1700 35 20 1 -1
204 1940 34 20 1 -1
158 1480 29 20 1 -1
111 880 35 20 1 -1
146 880 33 20 1 -1
187 1480 28 20 1 -1
204 1820 31 20 1 -1
107 1260 30 20 1 -1
185 1600 20 20 1 -1
145 960 34 20 1 -1
153 600 39 20 1 -1
187 1360 25 20 1 -1
220 760 28 20 1 -1
148 1040 32 20 1 -1
248 760 37 20 1 -1
170 200 34 20 1 -1
175 1580 28 20 1 -1
180 1040 26 20 1 -1
119 1440 22 20 1 -1
131 20 36 20 1 -1
238 1940 29 20 1 -1
267 1940 34 20 1 -1
192 600 20 20 1 -1
178 280 28 20 1 -1
235 1820 20 20 1 -1
212 600 32 20 1 -1
125 860 35 20 1 -1
255 1820 25 20 1 -1
121 480 33 20 1 -1
204 200 20 20 1 -1
160 860 25 20 1 -1
189 420 27 20 1 -1
68 620 35 20 1 -1
179 880 22 20 1 -1
154 480 22 20 1 -1
206 1040 26 20 1 -1
189 1100 25 20 1 -1
189 1700 25 20 1 -1
103 620 26 20 1 -1
201 880 24 20 1 -1
215 1480 32 20 1 -1
0 1980 37 20 1 -1
212 1360 27 20 1 -1
200 320 24 20 1 -1
141 1440 23 20 1 -1
37 1980 21 20 1 -1
214 1700 37 20 1 -1
179 960 31 20 1 -1
185 860 20 20 1 -1
301 1940 24 20 1 -1
206 280 36 20 1 -1
229 1780 29 20 1 -1
224 320 30 20 1 -1
167 20 24 20 1 -1
176 480 22 20 1 -1
129 620 30 20 1 -1
198 480 35 20 1 -1
202 240 37 20 1 -1
285 760 30 20 1 -1
203 1580 36 20 1 -1
164 1440 31 20 1 -1
195 1440 28 20 1 -1
159 620 38 20 1 -1
247 1480 25 20 1 -1
280 1820 25 20 1 -1
254 320 22 20 1 -1
205 1600 38 20 1 -1
242 280 31 20 1 -1
258 1780 25 20 1 -1
233 480 34 20 1 -1
283 1780 27 20 1 -1
232 1040 30 20 1 -1
218 120 30 20 1 -1
243 1600 33 20 1 -1
224 200 36 20 1 -1
239 1360 23 20 1 -1
267 480 28 20 1 -1
162 1200 38 20 1 -1
216 420 29 20 1 -1
210 960 29 20 1 -1
262 1360 32 20 1 -1
223 1440 38 20 1 -1
251 1700 23 20 1 -1
262 1040 35 20 1 -1
197 620 29 20 1 -1
305 1820 28 20 1 -1
245 420 29 20 1 -1
137 1260 24 20 1 -1
260 200 38 20 1 -1
274 420 34 20 1 -1
214 1100 23 20 1 -1
295 480 37 20 1 -1
200 1200 24 20 1 -1
239 1580 34 20 1 -1
294 1360 31 20 1 -1
191 20 36 20 1 -1
161 1260 20 20 1 -1
226 620 33 20 1 -1
239 960 34 20 1 -1
244 600 35 20 1 -1
224 1200 30 20 1 -1
237 1100 27 20 1 -1
254 1200 29 20 1 -1
181 1260 22 20 1 -1
227 20 24 20 1 -1
310 1780 36 20 1 -1
272 1480 26 20 1 -1
203 1260 37 20 1 -1
274 1700 23 20 1 -1
248 120 32 20 1 -1
346 1780 35 20 1 -1
259 620 25 20 1 -1
325 1940 36 20 1 -1
284 620 29 20 1 -1
273 1580 35 20 1 -1
205 860 22 20 1 -1
239 240 34 20 1 -1
333 1820 27 20 1 -1
332 480 30 20 1 -1
297 1700 24 20 1 -1
251 20 26 20 1 -1
276 1600 33 20 1 -1
227 860 25 20 1 -1
225 880 38 20 1 -1
325 1360 23 20 1 -1
360 1820 25 20 1 -1
263 880 23 20 1 -1
308 1580 22 20 1 -1
321 1700 37 20 1 -1
264 1100 34 20 1 -1
385 1820 22 20 1 -1
240 1260 28 20 1 -1
261 1440 27 20 1 -1
279 600 39 20 1 -1
268 1260 30 20 1 -1
318 600 37 20 1 -1
348 1360 29 20 1 -1
276 320 21 20 1 -1
298 1260 30 20 1 -1
273 240 33 20 1 -1
288 1440 27 20 1 -1
315 760 23 20 1 -1
407 1820 37 20 1 -1
298 1480 29 20 1 -1
283 1200 37 20 1 -1
280 120 37 20 1 -1
298 200 29 20 1 -1
313 620 30 20 1 -1
273 960 20 20 1 -1
361 1940 32 20 1 -1
393 1940 30 20 1 -1
297 320 39 20 1 -1
308 420 20 20 1 -1
252 860 32 20 1 -1
381 1780 20 20 1 -1
284 860 38 20 1 -1
362 480 33 20 1 -1
297 1040 37 20 1 -1
286 880 34 20 1 -1
328 420 36 20 1 -1
309 1600 24 20 1 -1
328 1260 21 20 1 -1
320 880 23 20 1 -1
315 1440 29 20 1 -1
273 280 31 20 1 -1
338 760 34 20 1 -1
372 760 35 20 1 -1
423 1940 38 20 1 -1
298 1100 24 20 1 -1
364 420 35 20 1 -1
461 1940 33 20 1 -1
277 20 35 20 1 -1
322 860 25 20 1 -1
330 1580 22 20 1 -1
336 320 24 20 1 -1
344 1440 23 20 1 -1
312 20 32 20 1 -1
494 1940 34 20 1 -1
320 1200 22 20 1 -1
352 1580 22 20 1 -1
401 1780 30 20 1 -1
322 1100 31 20 1 -1
347 860 26 20 1 -1
431 1780 27 20 1 -1
317 120 34 20 1 -1
355 600 36 20 1 -1
334 1040 37 20 1 -1
304 280 32 20 1 -1
342 1200 31 20 1 -1
58 1980 34 20 1 -1
293 960 37 20 1 -1
367 1440 22 20 1 -1
333 1600 25 20 1 -1
92 1980 39 20 1 -1
327 1480 37 20 1 -1
327 200 34 20 1 -1
360 320 39 20 1 -1
353 1100 33 20 1 -1
344 20 36 20 1 -1
380 20 22 20 1 -1
131 1980 25 20 1 -1
351 120 21 20 1 -1
343 620 37 20 1 -1
386 1100 26 20 1 -1
156 1980 32 20 1 -1
336 280 33 20 1 -1
343 880 31 20 1 -1
377 1360 37 20 1 -1
372 120 22 20 1 -1
349 1260 22 20 1 -1
394 120 24 20 1 -1
373 1200 23 20 1 -1
358 1700 38 20 1 -1
330 960 33 20 1 -1
364 1480 29 20 1 -1
358 1600 33 20 1 -1
391 600 25 20 1 -1
399 420 22 20 1 -1
371 1040 27 20 1 -1
380 620 30 20 1 -1
396 1200 21 20 1 -1
395 480 20 20 1 -1
389 1440 31 20 1 -1
402 20 30 20 1 -1
306 240 25 20 1 -1
374 1580 38 20 1 -1
444 1820 25 20 1 -1
363 960 31 20 1 -1
373 860 29 20 1 -1
188 1980 35 20 1 -1
223 1980 20 20 1 -1
396 1700 21 20 1 -1
417 1700 38 20 1 -1
21 660 35 20 1 -1
361 200 22 20 1 -1
393 1480 23 20 1 -1
371 1260 22 20 1 -1
129 1160 26 20 1 -1
398 1040 20 20 1 -1
155 1160 27 20 1 -1
393 1260 33 20 1 -1
374 880 22 20 1 -1
331 240 20 20 1 -1
182 1160 34 20 1 -1
391 1600 24 20 1 -1
216 1160 36 20 1 -1
399 320 24 20 1 -1
252 1160 38 20 1 -1
290 1160 36 20 1 -1
432 20 39 20 1 -1
402 860 26 20 1 -1
455 1700 33 20 1 -1
471 20 32 20 1 -1
396 880 31 20 1 -1
394 960 26 20 1 -1
243 1980 38 20 1 -1
503 20 24 20 1 -1
22 1560 34 20 1 -1
56 660 38 20 1 -1
383 200 36 20 1 -1
326 1160 31 20 1 -1
281 1980 24 20 1 -1
527 20 22 20 1 -1
357 1160 33 20 1 -1
94 660 27 20 1 -1
48 800 39 20 1 -1
369 280 22 20 1 -1
121 660 30 20 1 -1
390 1160 35 20 1 -1
39 1340 27 20 1 -1
151 660 32 20 1 -1
488 1700 34 20 1 -1
24 920 36 20 1 -1
305 1980 32 20 1 -1
60 920 30 20 1 -1
351 240 35 20 1 -1
386 240 39 20 1 -1
391 280 33 20 1 -1
183 660 36 20 1 -1
549 20 21 20 1 -1
219 660 22 20 1 -1
0 260 26 20 1 -1
26 260 23 20 1 -1
241 660 32 20 1 -1
21 1420 34 20 1 -1
0 1140 23 20 1 -1
458 1780 27 20 1 -1
66 1340 22 20 1 -1
88 1340 37 20 1 -1
90 920 25 20 1 -1
522 1700 29 20 1 -1
273 660 33 20 1 -1
115 920 31 20 1 -1
306 660 32 20 1 -1
485 1780 25 20 1 -1
146 920 39 20 1 -1
551 1700 30 20 1 -1
185 920 20 20 1 -1
337 1980 22 20 1 -1
205 920 30 20 1 -1
56 1560 34 20 1 -1
581 1700 25 20 1 -1
338 660 26 20 1 -1
570 20 37 20 1 -1
359 1980 34 20 1 -1
364 660 26 20 1 -1
90 1560 37 20 1 -1
393 1980 28 20 1 -1
125 1340 38 20 1 -1
469 1820 35 20 1 -1
163 1340 22 20 1 -1
185 1340 20 20 1 -1
421 1980 37 20 1 -1
76 360 36 20 1 -1
205 1340 30 20 1 -1
235 1340 36 20 1 -1
235 920 39 20 1 -1
390 660 35 20 1 -1
407 760 20 20 1 -1
274 920 33 20 1 -1
307 920 30 20 1 -1
112 360 38 20 1 -1
510 1780 22 20 1 -1
458 1980 29 20 1 -1
487 1980 26 20 1 -1
528 1940 33 20 1 -1
337 920 26 20 1 -1
150 360 27 20 1 -1
513 1980 25 20 1 -1
25 540 31 20 1 -1
363 920 23 20 1 -1
271 1340 29 20 1 -1
177 360 33 20 1 -1
210 360 28 20 1 -1
386 920 35 20 1 -1
238 360 28 20 1 -1
300 1340 29 20 1 -1
329 1340 36 20 1 -1
266 360 32 20 1 -1
298 360 34 20 1 -1
365 1340 39 20 1 -1
0 1280 33 20 1 -1
332 360 20 20 1 -1
87 800 24 20 1 -1
561 1940 23 20 1 -1
127 1560 38 20 1 -1
23 1140 38 20 1 -1
61 1140 31 20 1 -1
111 800 27 20 1 -1
92 1140 34 20 1 -1
165 1560 29 20 1 -1
352 360 36 20 1 -1
388 360 29 20 1 -1
56 540 36 20 1 -1
504 1820 27 20 1 -1
532 1780 28 20 1 -1
194 1560 39 20 1 -1
49 260 28 20 1 -1
138 800 24 20 1 -1
162 800 29 20 1 -1
92 540 30 20 1 -1
77 260 28 20 1 -1
191 800 26 20 1 -1
105 260 36 20 1 -1
217 800 22 20 1 -1
404 1340 20 20 1 -1
122 540 30 20 1 -1
239 800 25 20 1 -1
233 1560 21 20 1 -1
141 260 22 20 1 -1
254 1560 34 20 1 -1
607 20 39 20 1 -1
264 800 28 20 1 -1
288 1560 32 20 1 -1
320 1560 22 20 1 -1
560 1780 36 20 1 -1
342 1560 22 20 1 -1
531 1820 30 20 1 -1
163 260 31 20 1 -1
364 1560 30 20 1 -1
292 800 35 20 1 -1
152 540 23 20 1 -1
327 800 27 20 1 -1
646 20 30 20 1 -1
194 260 25 20 1 -1
354 800 31 20 1 -1
385 800 35 20 1 -1
0 740 20 20 1 -1
676 20 35 20 1 -1
606 1700 35 20 1 -1
711 20 31 20 1 -1
175 540 35 20 1 -1
394 1560 33 20 1 -1
219 260 30 20 1 -1
249 260 24 20 1 -1
126 1140 29 20 1 -1
273 260 22 20 1 -1
538 1980 21 20 1 -1
155 1140 37 20 1 -1
55 1420 33 20 1 -1
641 1700 22 20 1 -1
210 540 30 20 1 -1
240 540 39 20 1 -1
561 1820 36 20 1 -1
0 840 21 20 1 -1
279 540 36 20 1 -1
559 1980 30 20 1 -1
192 1140 23 20 1 -1
315 540 29 20 1 -1
295 260 38 20 1 -1
88 1420 31 20 1 -1
344 540 31 20 1 -1
375 540 33 20 1 -1
333 260 22 20 1 -1
215 1140 29 20 1 -1
355 260 25 20 1 -1
589 1980 24 20 1 -1
380 260 28 20 1 -1
0 340 34 20 1 -1
244 1140 24 20 1 -1
663 1700 35 20 1 -1
268 1140 22 20 1 -1
290 1140 28 20 1 -1
597 1820 33 20 1 -1
318 1140 31 20 1 -1
34 340 24 20 1 -1
0 700 27 20 1 -1
119 1420 37 20 1 -1
596 1780 28 20 1 -1
349 1140 32 20 1 -1
624 1780 23 20 1 -1
584 1940 37 20 1 -1
381 1140 34 20 1 -1
647 1780 23 20 1 -1
0 220 23 20 1 -1
27 700 36 20 1 -1
21 840 29 20 1 -1
0 580 38 20 1 -1
50 840 22 20 1 -1
0 1120 29 20 1 -1
621 1940 37 20 1 -1
0 500 31 20 1 -1
0 1000 39 20 1 -1
63 700 39 20 1 -1
742 20 33 20 1 -1
831 1240 33 20 1 -1
156 1420 29 20 1 -1
102 700 37 20 1 -1
630 1820 31 20 1 -1
39 1000 29 20 1 -1
831 1260 31 20 1 -1
775 20 38 20 1 -1
661 1820 36 20 1 -1
831 1280 29 20 1 -1
185 1420 31 20 1 -1
23 220 33 20 1 -1
38 580 38 20 1 -1
670 1780 23 20 1 -1
613 1980 33 20 1 -1
813 20 23 20 1 -1
139 700 23 20 1 -1
921 400 31 20 1 -1
68 1000 26 20 1 -1
162 700 32 20 1 -1
408 540 20 20 1 -1
646 1980 25 20 1 -1
0 400 26 20 1 -1
21 160 29 20 1 -1
216 1420 30 20 1 -1
72 840 38 20 1 -1
94 1000 39 20 1 -1
194 700 39 20 1 -1
110 840 25 20 1 -1
246 1420 35 20 1 -1
281 1420 22 20 1 -1
50 160 34 20 1 -1
658 1940 22 20 1 -1
921 440 31 20 1 -1
303 1420 25 20 1 -1
671 1980 32 20 1 -1
693 1780 33 20 1 -1
133 1000 38 20 1 -1
233 700 21 20 1 -1
58 340 34 20 1 -1
254 700 32 20 1 -1
84 160 31 20 1 -1
115 160 25 20 1 -1
697 1820 35 20 1 -1
831 1200 22 20 1 -1
836 20 21 20 1 -1
171 1000 33 20 1 -1
204 1000 36 20 1 -1
921 420 34 20 1 -1
328 1420 30 20 1 -1
698 1700 22 20 1 -1
921 460 35 20 1 -1
408 260 20 20 1 -1
358 1420 29 20 1 -1
286 700 35 20 1 -1
240 1000 39 20 1 -1
279 1000 27 20 1 -1
321 700 36 20 1 -1
92 340 22 20 1 -1
306 1000 33 20 1 -1
357 700 23 20 1 -1
387 1420 21 20 1 -1
831 1300 33 20 1 -1
720 1700 31 20 1 -1
339 1000 27 20 1 -1
703 1980 23 20 1 -1
921 100 22 20 1 -1
680 1940 34 20 1 -1
921 280 24 20 1 -1
380 700 23 20 1 -1
366 1000 35 20 1 -1
140 160 29 20 1 -1
921 580 35 20 1 -1
751 1700 22 20 1 -1
773 1700 22 20 1 -1
169 160 38 20 1 -1
831 1320 37 20 1 -1
114 340 23 20 1 -1
207 160 37 20 1 -1
868 1320 35 20 1 -1
831 1220 31 20 1 -1
921 560 26 20 1 -1
244 160 32 20 1 -1
714 1940 24 20 1 -1
864 1240 36 20 1 -1
401 1000 27 20 1 -1
921 480 38 20 1 -1
795 1700 34 20 1 -1
726 1780 34 20 1 -1
137 340 33 20 1 -1
403 700 20 20 1 -1
170 340 25 20 1 -1
738 1940 39 20 1 -1
135 840 26 20 1 -1
726 1980 29 20 1 -1
777 1940 24 20 1 -1
921 600 33 20 1 -1
276 160 32 20 1 -1
921 540 29 20 1 -1
161 840 30 20 1 -1
191 840 28 20 1 -1
308 160 28 20 1 -1
954 600 21 20 1 -1
760 1780 23 20 1 -1
864 1300 24 20 1 -1
219 840 23 20 1 -1
732 1820 37 20 1 -1
755 1980 32 20 1 -1
242 840 36 20 1 -1
278 840 26 20 1 -1
304 840 30 20 1 -1
336 160 38 20 1 -1
195 340 36 20 1 -1
783 1780 28 20 1 -1
374 160 36 20 1 -1
947 560 26 20 1 -1
769 1820 33 20 1 -1
231 340 32 20 1 -1
334 840 28 20 1 -1
921 500 23 20 1 -1
263 340 33 20 1 -1
0 1620 39 20 1 -1
860 1280 27 20 1 -1
296 340 28 20 1 -1
324 340 35 20 1 -1
921 140 36 20 1 -1
857 20 33 20 1 -1
362 840 25 20 1 -1
387 840 32 20 1 -1
787 1980 35 20 1 -1
802 1820 27 20 1 -1
921 120 31 20 1 -1
975 600 23 20 1 -1
801 1940 29 20 1 -1
822 1980 31 20 1 -1
830 1940 27 20 1 -1
0 900 23 20 1 -1
359 340 28 20 1 -1
857 1940 33 20 1 -1
890 1940 34 20 1 -1
0 820 29 20 1 -1
853 1200 28 20 1 -1
921 80 24 20 1 -1
23 900 32 20 1 -1
39 1620 22 20 1 -1
956 580 20 20 1 -1
976 580 31 20 1 -1
853 1980 24 20 1 -1
877 1980 25 20 1 -1
890 20 30 20 1 -1
924 1940 37 20 1 -1
903 1320 21 20 1 -1
77 1740 30 20 1 -1
862 1220 21 20 1 -1
881 1200 37 20 1 -1
387 340 25 20 1 -1
902 1980 37 20 1 -1
921 200 31 20 1 -1
107 1740 21 20 1 -1
883 1220 33 20 1 -1
55 900 36 20 1 -1
91 900 31 20 1 -1
122 900 32 20 1 -1
918 1200 31 20 1 -1
154 900 27 20 1 -1
862 1260 39 20 1 -1
181 900 26 20 1 -1
207 900 29 20 1 -1
236 900 34 20 1 -1
921 520 35 20 1 -1
916 1220 22 20 1 -1
921 240 21 20 1 -1
888 1300 31 20 1 -1
900 1240 34 20 1 -1
924 1320 36 20 1 -1
887 1280 30 20 1 -1
921 380 28 20 1 -1
270 900 28 20 1 -1
944 500 20 20 1 -1
949 1200 28 20 1 -1
901 1260 28 20 1 -1
952 400 38 20 1 -1
919 1300 29 20 1 -1
943 100 25 20 1 -1
921 160 36 20 1 -1
950 540 32 20 1 -1
61 1620 26 20 1 -1
917 1280 38 20 1 -1
298 900 39 20 1 -1
959 480 21 20 1 -1
920 20 32 20 1 -1
973 560 25 20 1 -1
960 1320 27 20 1 -1
337 900 21 20 1 -1
929 1260 35 20 1 -1
952 440 30 20 1 -1
921 340 28 20 1 -1
948 1300 21 20 1 -1
921 320 39 20 1 -1
408 1420 20 20 1 -1
358 900 30 20 1 -1
128 1740 33 20 1 -1
987 1320 33 20 1 -1
969 1300 35 20 1 -1
161 1740 22 20 1 -1
955 1280 29 20 1 -1
934 1240 30 20 1 -1
921 300 36 20 1 -1
388 900 28 20 1 -1
87 1620 35 20 1 -1
29 820 20 20 1 -1
939 1980 37 20 1 -1
938 1220 33 20 1 -1
961 1940 29 20 1 -1
977 1200 37 20 1 -1
998 600 35 20 1 -1
921 260 37 20 1 -1
183 1740 23 20 1 -1
957 140 27 20 1 -1
49 820 36 20 1 -1
811 1780 20 20 1 -1
990 1940 26 20 1 -1
971 1220 28 20 1 -1
964 1260 31 20 1 -1
964 1240 34 20 1 -1
85 820 25 20 1 -1
952 120 25 20 1 -1
976 1980 37 20 1 -1
1007 580 33 20 1 -1
921 220 27 20 1 -1
110 820 37 20 1 -1
122 1620 33 20 1 -1
206 1740 23 20 1 -1
1014 1200 33 20 1 -1
229 1740 29 20 1 -1
1016 1940 34 20 1 -1
956 520 29 20 1 -1
999 1220 38 20 1 -1
155 1620 26 20 1 -1
998 1240 26 20 1 -1
977 120 36 20 1 -1
921 180 26 20 1 -1
964 500 26 20 1 -1
982 540 32 20 1 -1
942 240 36 20 1 -1
258 1740 22 20 1 -1
280 1740 20 20 1 -1
300 1740 21 20 1 -1
945 80 23 20 1 -1
984 1280 39 20 1 -1
995 1260 20 20 1 -1
1004 1300 21 20 1 -1
998 560 27 20 1 -1
1015 1260 22 20 1 -1
1024 1240 30 20 1 -1
952 20 20 20 1 -1
1020 1320 29 20 1 -1
1023 1280 24 20 1 -1
921 360 36 20 1 -1
1013 1980 21 20 1 -1
1025 1300 28 20 1 -1
1050 1940 29 20 1 -1
321 1740 20 20 1 -1
972 20 33 20 1 -1
948 220 21 20 1 -1
1034 1980 39 20 1 -1
147 820 29 20 1 -1
341 1740 34 20 1 -1
968 100 31 20 1 -1
375 1740 21 20 1 -1
396 1740 27 20 1 -1
423 1740 25 20 1 -1
945 280 39 20 1 -1
957 160 21 20 1 -1
0 1180 29 20 1 -1
33 1280 34 20 1 -1
176 820 28 20 1 -1
448 1740 20 20 1 -1
949 380 24 20 1 -1
29 1120 22 20 1 -1
1005 20 24 20 1 -1
952 200 24 20 1 -1
204 820 33 20 1 -1
468 1740 21 20 1 -1
489 1740 29 20 1 -1
518 1740 23 20 1 -1
947 180 21 20 1 -1
956 460 35 20 1 -1
985 520 38 20 1 -1
237 820 30 20 1 -1
949 340 27 20 1 -1
541 1740 31 20 1 -1
572 1740 26 20 1 -1
598 1740 28 20 1 -1
960 320 38 20 1 -1
968 180 36 20 1 -1
267 820 27 20 1 -1
294 820 34 20 1 -1
957 300 22 20 1 -1
968 80 39 20 1 -1
626 1740 30 20 1 -1
990 500 21 20 1 -1
328 820 25 20 1 -1
656 1740 28 20 1 -1
353 820 22 20 1 -1
684 1740 22 20 1 -1
706 1740 30 20 1 -1
736 1740 33 20 1 -1
769 1740 32 20 1 -1
1079 1940 33 20 1 -1
801 1740 21 20 1 -1
978 160 28 20 1 -1
67 1280 38 20 1 -1
1112 1940 25 20 1 -1
181 1620 23 20 1 -1
969 220 30 20 1 -1
204 1620 29 20 1 -1
233 1620 36 20 1 -1
375 820 22 20 1 -1
999 100 24 20 1 -1
397 820 24 20 1 -1
105 1280 38 20 1 -1
1025 560 27 20 1 -1
269 1620 20 20 1 -1
1014 540 37 20 1 -1
289 1620 30 20 1 -1
980 480 31 20 1 -1
143 1280 26 20 1 -1
319 1620 36 20 1 -1
355 1620 31 20 1 -1
386 1620 24 20 1 -1
1023 520 25 20 1 -1
1011 500 29 20 1 -1
991 460 34 20 1 -1
410 1620 21 20 1 -1
1011 480 29 20 1 -1
32 1080 25 20 1 -1
431 1620 20 20 1 -1
1073 1980 30 20 1 -1
451 1620 21 20 1 -1
1033 600 20 20 1 -1
472 1620 30 20 1 -1
502 1620 31 20 1 -1
1103 1980 23 20 1 -1
1007 80 28 20 1 -1
533 1620 25 20 1 -1
558 1620 31 20 1 -1
589 1620 28 20 1 -1
617 1620 26 20 1 -1
643 1620 36 20 1 -1
679 1620 28 20 1 -1
707 1620 28 20 1 -1
955 420 23 20 1 -1
1023 100 32 20 1 -1
735 1620 20 20 1 -1
755 1620 39 20 1 -1
982 440 37 20 1 -1
978 420 32 20 1 -1
794 1620 21 20 1 -1
1025 460 27 20 1 -1
57 1080 30 20 1 -1
169 1280 29 20 1 -1
1019 440 32 20 1 -1
1029 20 33 20 1 -1
87 1080 39 20 1 -1
958 260 31 20 1 -1
990 400 30 20 1 -1
126 1080 30 20 1 -1
1137 1940 28 20 1 -1
0 1640 38 20 1 -1
156 1080 20 20 1 -1
976 200 38 20 1 -1
198 1280 35 20 1 -1
233 1280 30 20 1 -1
1010 420 23 20 1 -1
1165 1940 37 20 1 -1
176 1080 26 20 1 -1
263 1280 23 20 1 -1
984 140 33 20 1 -1
202 1080 20 20 1 -1
1126 1980 25 20 1 -1
973 380 25 20 1 -1
222 1080 27 20 1 -1
286 1280 26 20 1 -1
1151 1980 35 20 1 -1
957 360 34 20 1 -1
312 1280 34 20 1 -1
249 1080 21 20 1 -1
346 1280 32 20 1 -1
1202 1940 27 20 1 -1
1033 420 20 20 1 -1
1186 1980 25 20 1 -1
378 1280 23 20 1 -1
270 1080 25 20 1 -1
979 300 37 20 1 -1
38 1640 33 20 1 -1
295 1080 27 20 1 -1
322 1080 27 20 1 -1
71 1640 37 20 1 -1
1062 20 37 20 1 -1
978 240 21 20 1 -1
349 1080 24 20 1 -1
373 1080 29 20 1 -1
0 1380 34 20 1 -1
401 1280 20 20 1 -1
402 1080 22 20 1 -1
1229 1940 25 20 1 -1
998 380 32 20 1 -1
34 1380 23 20 1 -1
29 1180 26 20 1 -1
999 220 23 20 1 -1
108 1640 35 20 1 -1
57 1380 20 20 1 -1
1531 1300 39 20 1 -1
1211 1980 29 20 1 -1
1531 1020 23 20 1 -1
976 340 37 20 1 -1
77 1380 30 20 1 -1
1240 1980 22 20 1 -1
51 1120 31 20 1 -1
1020 400 36 20 1 -1
991 360 38 20 1 -1
1013 120 26 20 1 -1
1254 1940 36 20 1 -1
1017 140 38 20 1 -1
82 1120 32 20 1 -1
1290 1940 23 20 1 -1
107 1380 24 20 1 -1
1029 360 27 20 1 -1
1030 380 26 20 1 -1
1531 1240 34 20 1 -1
1262 1980 24 20 1 -1
131 1380 27 20 1 -1
1006 160 28 20 1 -1
158 1380 37 20 1 -1
114 1120 29 20 1 -1
1013 340 31 20 1 -1
998 320 36 20 1 -1
989 260 30 20 1 -1
195 1380 22 20 1 -1
1004 180 31 20 1 -1
1531 880 22 20 1 -1
1531 920 38 20 1 -1
984 280 39 20 1 -1
143 1640 39 20 1 -1
182 1640 32 20 1 -1
1016 300 38 20 1 -1
999 240 38 20 1 -1
217 1380 21 20 1 -1
1014 200 36 20 1 -1
1313 1940 39 20 1 -1
143 1120 35 20 1 -1
1034 320 21 20 1 -1
238 1380 20 20 1 -1
1023 280 31 20 1 -1
258 1380 32 20 1 -1
1286 1980 30 20 1 -1
1352 1940 23 20 1 -1
214 1640 28 20 1 -1
1531 860 38 20 1 -1
1531 980 39 20 1 -1
290 1380 21 20 1 -1
1019 260 28 20 1 -1
311 1380 27 20 1 -1
1022 220 30 20 1 -1
1531 760 37 20 1 -1
338 1380 38 20 1 -1
376 1380 32 20 1 -1
242 1640 23 20 1 -1
1531 1000 21 20 1 -1
1531 780 23 20 1 -1
178 1120 37 20 1 -1
1316 1980 25 20 1 -1
1531 1280 23 20 1 -1
1034 160 22 20 1 -1
265 1640 23 20 1 -1
215 1120 26 20 1 -1
1531 800 38 20 1 -1
1572 500 26 20 1 -1
1099 20 28 20 1 -1
1554 780 38 20 1 -1
1127 20 27 20 1 -1
1035 180 21 20 1 -1
1553 1380 39 20 1 -1
76 580 22 20 1 -1
1154 20 23 20 1 -1
1531 1320 25 20 1 -1
241 1120 39 20 1 -1
288 1640 24 20 1 -1
312 1640 26 20 1 -1
280 1120 29 20 1 -1
1177 20 35 20 1 -1
1212 20 25 20 1 -1
1572 360 32 20 1 -1
1572 620 36 20 1 -1
338 1640 38 20 1 -1
1341 1980 24 20 1 -1
1572 560 38 20 1 -1
376 1640 26 20 1 -1
309 1120 31 20 1 -1
402 1640 26 20 1 -1
428 1640 20 20 1 -1
1572 700 24 20 1 -1
340 1120 25 20 1 -1
1237 20 25 20 1 -1
1262 20 33 20 1 -1
365 1120 26 20 1 -1
448 1640 20 20 1 -1
1572 400 29 20 1 -1
408 1380 20 20 1 -1
468 1640 32 20 1 -1
391 1120 37 20 1 -1
1572 480 22 20 1 -1
500 1640 27 20 1 -1
1572 600 33 20 1 -1
1572 520 23 20 1 -1
1295 20 38 20 1 -1
1333 20 33 20 1 -1
1365 1980 26 20 1 -1
527 1640 31 20 1 -1
1366 20 39 20 1 -1
1531 1160 23 20 1 -1
1405 20 23 20 1 -1
1531 1040 33 20 1 -1
1568 760 35 20 1 -1
1531 1100 28 20 1 -1
558 1640 30 20 1 -1
588 1640 36 20 1 -1
624 1640 25 20 1 -1
1531 900 30 20 1 -1
649 1640 37 20 1 -1
686 1640 38 20 1 -1
1572 640 36 20 1 -1
1428 20 38 20 1 -1
1466 20 35 20 1 -1
1531 840 21 20 1 -1
1531 1080 25 20 1 -1
1572 240 36 20 1 -1
724 1640 21 20 1 -1
745 1640 23 20 1 -1
1572 680 37 20 1 -1
1572 580 24 20 1 -1
1572 280 31 20 1 -1
1553 880 28 20 1 -1
1554 1020 27 20 1 -1
1572 220 30 20 1 -1
768 1640 35 20 1 -1
1531 1180 38 20 1 -1
1553 1700 33 20 1 -1
1572 320 26 20 1 -1
1501 20 35 20 1 -1
1035 80 21 20 1 -1
1531 1060 30 20 1 -1
803 1640 23 20 1 -1
1572 300 38 20 1 -1
1553 1660 31 20 1 -1
1552 1000 24 20 1 -1
1531 1220 35 20 1 -1
1572 540 23 20 1 -1
1536 20 20 20 1 -1
1572 720 22 20 1 -1
1572 260 39 20 1 -1
1553 1720 23 20 1 -1
1608 620 34 20 1 -1
1553 1560 26 20 1 -1
1561 900 34 20 1 -1
1375 1940 39 20 1 -1
1553 1420 39 20 1 -1
1553 1540 34 20 1 -1
1531 1200 22 20 1 -1
1572 440 29 20 1 -1
1531 820 29 20 1 -1
1531 1340 35 20 1 -1
1531 960 25 20 1 -1
1569 860 24 20 1 -1
1566 1220 34 20 1 -1
1595 540 37 20 1 -1
1553 1440 23 20 1 -1
1581 880 21 20 1 -1
1572 340 35 20 1 -1
1572 200 22 20 1 -1
1572 740 36 20 1 -1
1556 1320 23 20 1 -1
1553 1360 24 20 1 -1
1595 520 30 20 1 -1
1594 720 38 20 1 -1
1553 1400 26 20 1 -1
1553 1460 21 20 1 -1
1553 1480 21 20 1 -1
1572 660 22 20 1 -1
1531 1140 28 20 1 -1
1556 20 26 20 1 -1
1572 100 22 20 1 -1
1553 1800 36 20 1 -1
1531 940 32 20 1 -1
1414 1940 27 20 1 -1
1572 180 26 20 1 -1
1598 320 20 20 1 -1
1603 760 38 20 1 -1
1572 160 38 20 1 -1
1602 220 21 20 1 -1
1594 660 25 20 1 -1
1553 1520 24 20 1 -1
1572 460 32 20 1 -1
1566 1340 30 20 1 -1
1604 460 28 20 1 -1
1553 1740 20 20 1 -1
1391 1980 33 20 1 -1
1579 1400 37 20 1 -1
1570 980 35 20 1 -1
1598 500 26 20 1 -1
1608 740 36 20 1 -1
1569 800 28 20 1 -1
1582 20 34 20 1 -1
1592 780 25 20 1 -1
1576 1000 22 20 1 -1
1531 1260 31 20 1 -1
1441 1940 36 20 1 -1
1596 700 21 20 1 -1
1572 80 21 20 1 -1
1609 680 36 20 1 -1
1424 1980 32 20 1 -1
1552 840 20 20 1 -1
1553 1760 31 20 1 -1
1593 80 38 20 1 -1
1617 700 28 20 1 -1
1560 820 26 20 1 -1
1554 1280 37 20 1 -1
1617 780 27 20 1 -1
1572 840 38 20 1 -1
1556 1080 38 20 1 -1
1562 1260 28 20 1 -1
1605 600 39 20 1 -1
1531 1120 36 20 1 -1
1561 1060 32 20 1 -1
1553 1200 20 20 1 -1
1569 920 30 20 1 -1
1586 820 29 20 1 -1
1556 960 39 20 1 -1
1572 420 36 20 1 -1
1553 1640 24 20 1 -1
1559 1100 35 20 1 -1
1553 1580 37 20 1 -1
1596 580 32 20 1 -1
1553 1620 23 20 1 -1
1572 380 25 20 1 -1
1594 200 25 20 1 -1
1594 480 20 20 1 -1
1597 800 35 20 1 -1
1593 860 27 20 1 -1
1477 1940 24 20 1 -1
1563 940 21 20 1 -1
1601 440 22 20 1 -1
1570 1300 33 20 1 -1
1553 1600 34 20 1 -1
1579 1560 35 20 1 -1
1553 1780 39 20 1 -1
1584 940 35 20 1 -1
1616 20 37 20 1 -1
1599 920 31 20 1 -1
1618 320 33 20 1 -1
1610 560 26 20 1 -1
1653 20 38 20 1 -1
1572 120 37 20 1 -1
1553 1820 23 20 1 -1
1579 1320 32 20 1 -1
1572 140 38 20 1 -1
1456 1980 35 20 1 -1
1576 1720 22 20 1 -1
1553 1840 34 20 1 -1
1592 1420 34 20 1 -1
1576 1620 21 20 1 -1
1632 800 39 20 1 -1
1623 220 26 20 1 -1
1591 1280 22 20 1 -1
1608 640 23 20 1 -1
1623 440 33 20 1 -1
1594 100 23 20 1 -1
1595 960 36 20 1 -1
1614 480 23 20 1 -1
1603 280 23 20 1 -1
1615 820 31 20 1 -1
1576 1820 37 20 1 -1
1642 620 22 20 1 -1
1554 1160 30 20 1 -1
1625 520 31 20 1 -1
1608 240 36 20 1 -1
1567 1120 28 20 1 -1
1611 1320 29 20 1 -1
1574 1460 26 20 1 -1
1611 260 26 20 1 -1
1553 1500 35 20 1 -1
1573 1740 39 20 1 -1
1553 1680 27 20 1 -1
1580 1680 29 20 1 -1
1573 1200 24 20 1 -1
1644 600 38 20 1 -1
1604 360 22 20 1 -1
1553 1860 31 20 1 -1
1641 760 26 20 1 -1
1631 640 22 20 1 -1
1577 1520 30 20 1 -1
1564 1040 38 20 1 -1
1607 340 20 20 1 -1
1587 1840 25 20 1 -1
1598 180 21 20 1 -1
1610 160 23 20 1 -1
1602 880 26 20 1 -1
1586 1700 33 20 1 -1
1589 1800 20 20 1 -1
1559 1140 32 20 1 -1
1590 1580 39 20 1 -1
1632 540 26 20 1 -1
1619 180 29 20 1 -1
1592 1780 21 20 1 -1
1576 1440 29 20 1 -1
1598 1720 36 20 1 -1
1631 80 30 20 1 -1
1574 1480 34 20 1 -1
1595 900 24 20 1 -1
1501 1940 25 20 1 -1
1581 1020 29 20 1 -1
1591 1140 22 20 1 -1
1619 660 21 20 1 -1
1640 660 35 20 1 -1
1603 1300 38 20 1 -1
1553 1880 25 20 1 -1
1594 1080 33 20 1 -1
1617 100 26 20 1 -1
1609 120 34 20 1 -1
1628 580 20 20 1 -1
1577 1640 36 20 1 -1
1610 140 34 20 1 -1
1619 940 27 20 1 -1
1587 1540 35 20 1 -1
1584 1760 34 20 1 -1
1637 480 35 20 1 -1
1645 700 21 20 1 -1
1569 1180 30 20 1 -1
1622 1540 23 20 1 -1
1605 1440 38 20 1 -1
1610 840 37 20 1 -1
1619 200 29 20 1 -1
1607 1520 32 20 1 -1
1636 560 34 20 1 -1
1646 820 26 20 1 -1
1627 340 34 20 1 -1
1619 900 31 20 1 -1
1587 1600 36 20 1 -1
1596 1340 31 20 1 -1
1630 920 28 20 1 -1
1595 1120 25 20 1 -1
1584 1860 22 20 1 -1
1644 240 37 20 1 -1
1637 260 23 20 1 -1
1584 1160 27 20 1 -1
1593 1060 28 20 1 -1
1577 1360 22 20 1 -1
1620 860 29 20 1 -1
1610 300 27 20 1 -1
1632 460 26 20 1 -1
1597 1620 24 20 1 -1
1584 1660 29 20 1 -1
1565 1240 23 20 1 -1
1661 80 37 20 1 -1
1613 1820 24 20 1 -1
1608 420 20 20 1 -1
1648 580 29 20 1 -1
1677 580 23 20 1 -1
1643 120 20 20 1 -1
1588 1500 32 20 1 -1
1644 140 36 20 1 -1
1614 1560 23 20 1 -1
1597 380 31 20 1 -1
1526 1940 30 20 1 -1
1626 1420 31 20 1 -1
1613 1640 25 20 1 -1
1491 1980 35 20 1 -1
1628 880 27 20 1 -1
1637 1560 37 20 1 -1
1590 1260 29 20 1 -1
1611 1160 31 20 1 -1
1613 1140 22 20 1 -1
1624 500 39 20 1 -1
1621 1620 24 20 1 -1
1619 1700 21 20 1 -1
1633 160 33 20 1 -1
1601 400 39 20 1 -1
1526 1980 27 20 1 -1
1605 980 36 20 1 -1
1632 720 25 20 1 -1
1653 640 27 20 1 -1
1649 860 33 20 1 -1
1608 1480 25 20 1 -1
1648 180 38 20 1 -1
1655 880 28 20 1 -1
1682 600 24 20 1 -1
1600 1460 28 20 1 -1
1643 100 39 20 1 -1
1640 400 29 20 1 -1
1645 680 36 20 1 -1
1597 1200 34 20 1 -1
1639 1520 20 20 1 -1
1691 20 33 20 1 -1
1629 1580 21 20 1 -1
1553 1900 32 20 1 -1
1650 900 36 20 1 -1
1644 780 29 20 1 -1
1637 300 28 20 1 -1
1658 920 20 20 1 -1
1664 620 20 20 1 -1
1657 720 23 20 1 -1
1672 480 39 20 1 -1
1658 540 36 20 1 -1
1647 840 37 20 1 -1
1613 1660 36 20 1 -1
1553 1980 34 20 1 -1
1598 1000 37 20 1 -1
1684 620 23 20 1 -1
1578 1880 29 20 1 -1
1602 1040 31 20 1 -1
1612 1740 27 20 1 -1
1644 740 32 20 1 -1
1645 1540 37 20 1 -1
1620 1500 27 20 1 -1
1656 520 34 20 1 -1
1628 380 27 20 1 -1
1638 1640 28 20 1 -1
1588 1240 38 20 1 -1
1599 1180 25 20 1 -1
1626 280 38 20 1 -1
1587 1980 21 20 1 -1
1556 1940 28 20 1 -1
1682 100 34 20 1 -1
1623 1600 31 20 1 -1
1648 200 22 20 1 -1
1666 700 30 20 1 -1
1608 1980 37 20 1 -1
1670 560 38 20 1 -1
1610 1020 36 20 1 -1
1651 320 36 20 1 -1
1609 1680 34 20 1 -1
1585 1900 21 20 1 -1
1613 1280 28 20 1 -1
1706 600 38 20 1 -1
1650 1580 33 20 1 -1
1634 1720 33 20 1 -1
1613 1780 39 20 1 -1
1700 580 20 20 1 -1
1600 1220 35 20 1 -1
1659 1520 28 20 1 -1
1626 1240 24 20 1 -1
1626 360 30 20 1 -1
1646 940 27 20 1 -1
1660 260 30 20 1 -1
1680 720 38 20 1 -1
1609 1800 35 20 1 -1
1599 1360 23 20 1 -1
1683 880 35 20 1 -1
1724 20 33 20 1 -1
1694 540 36 20 1 -1
1676 740 27 20 1 -1
1633 1480 35 20 1 -1
1584 1940 21 20 1 -1
1665 300 37 20 1 -1
1663 500 20 20 1 -1
1643 1440 22 20 1 -1
1619 1260 21 20 1 -1
1690 520 33 20 1 -1
1654 1600 38 20 1 -1
1661 340 21 20 1 -1
1594 1100 29 20 1 -1
1672 820 22 20 1 -1
1671 800 24 20 1 -1
1674 1560 35 20 1 -1
1655 380 30 20 1 -1
1618 1760 21 20 1 -1
1623 1100 35 20 1 -1
1621 1060 31 20 1 -1
1649 1660 27 20 1 -1
1649 220 32 20 1 -1
1641 1300 26 20 1 -1
1680 640 31 20 1 -1
1684 840 22 20 1 -1
1681 680 22 20 1 -1
1757 20 25 20 1 -1
1656 360 32 20 1 -1
1605 1940 23 20 1 -1
1592 1380 37 20 1 -1
1698 80 29 20 1 -1
1663 120 39 20 1 -1
1627 1340 28 20 1 -1
1606 1860 34 20 1 -1
1640 1320 32 20 1 -1
1664 280 26 20 1 -1
1670 200 33 20 1 -1
1647 1500 23 20 1 -1
1727 80 27 20 1 -1
1631 960 31 20 1 -1
1643 1680 25 20 1 -1
1683 500 24 20 1 -1
1667 760 26 20 1 -1
1612 1840 36 20 1 -1
1693 760 28 20 1 -1
1702 300 33 20 1 -1
1720 580 32 20 1 -1
1707 620 20 20 1 -1
1681 220 21 20 1 -1
1640 1700 22 20 1 -1
1635 1220 36 20 1 -1
1716 100 27 20 1 -1
1622 1360 38 20 1 -1
1782 20 34 20 1 -1
1628 420 23 20 1 -1
1633 1040 21 20 1 -1
1650 1240 21 20 1 -1
1628 1460 37 20 1 -1
1645 1620 27 20 1 -1
1666 160 35 20 1 -1
1651 420 22 20 1 -1
1639 1760 33 20 1 -1
1644 1800 20 20 1 -1
1606 1900 25 20 1 -1
1641 980 30 20 1 -1
1670 1500 37 20 1 -1
1607 1880 29 20 1 -1
1658 460 39 20 1 -1
1641 1280 37 20 1 -1
1620 1120 28 20 1 -1
1696 700 23 20 1 -1
1687 320 24 20 1 -1
1682 860 29 20 1 -1
1675 660 32 20 1 -1
1680 140 31 20 1 -1
1682 1540 34 20 1 -1
1655 1340 31 20 1 -1
1656 440 38 20 1 -1
1683 1580 27 20 1 -1
1645 1980 31 20 1 -1
1666 1640 38 20 1 -1
1702 120 29 20 1 -1
1754 80 38 20 1 -1
1616 1400 22 20 1 -1
1686 180 31 20 1 -1
1669 400 33 20 1 -1
1624 1180 27 20 1 -1
1703 740 38 20 1 -1
1710 1580 39 20 1 -1
1640 1260 38 20 1 -1
1711 140 36 20 1 -1
1686 900 33 20 1 -1
1701 160 33 20 1 -1
1627 1080 39 20 1 -1
1652 1060 27 20 1 -1
1678 1280 32 20 1 -1
1711 860 28 20 1 -1
1635 1140 37 20 1 -1
1673 420 38 20 1 -1
1718 880 26 20 1 -1
1667 1300 39 20 1 -1
1635 1000 20 20 1 -1
1662 1700 27 20 1 -1
1631 1200 38 20 1 -1
1672 1620 25 20 1 -1
1816 20 38 20 1 -1
1671 1240 35 20 1 -1
1640 1860 38 20 1 -1
1678 1260 27 20 1 -1
1665 1460 28 20 1 -1
1628 1940 25 20 1 -1
1697 460 24 20 1 -1
1717 180 26 20 1 -1
1743 100 27 20 1 -1
1731 120 21 20 1 -1
1668 1680 28 20 1 -1
1690 280 31 20 1 -1
1639 1740 23 20 1 -1
1727 620 33 20 1 -1
1681 240 33 20 1 -1
1637 1820 26 20 1 -1
1682 340 31 20 1 -1
1678 920 31 20 1 -1
1694 440 37 20 1 -1
1711 640 24 20 1 -1
1673 780 36 20 1 -1
1676 1660 24 20 1 -1
1662 1740 22 20 1 -1
1708 560 35 20 1 -1
1703 680 30 20 1 -1
1703 200 39 20 1 -1
1721 760 28 20 1 -1
1687 1520 39 20 1 -1
1711 420 35 20 1 -1
1723 520 36 20 1 -1
1673 940 30 20 1 -1
1658 1100 20 20 1 -1
1730 540 21 20 1 -1
1672 1320 26 20 1 -1
1631 1900 30 20 1 -1
1668 1480 36 20 1 -1
1770 100 23 20 1 -1
1700 1660 28 20 1 -1
1655 1000 36 20 1 -1
1752 120 37 20 1 -1
1696 1680 38 20 1 -1
1718 720 28 20 1 -1
1638 1400 23 20 1 -1
1706 840 20 20 1 -1
1707 500 27 20 1 -1
1702 220 38 20 1 -1
1662 960 26 20 1 -1
1652 1780 39 20 1 -1
1690 260 35 20 1 -1
1719 700 38 20 1 -1
1706 1300 38 20 1 -1
1654 1040 29 20 1 -1
1692 1600 36 20 1 -1
1725 260 30 20 1 -1
1636 1880 35 20 1 -1
1667 1720 32 20 1 -1
1671 980 31 20 1 -1
1742 200 38 20 1 -1
1689 1700 21 20 1 -1
1648 1840 37 20 1 -1
1646 1020 39 20 1 -1
1671 1220 34 20 1 -1
1651 1180 21 20 1 -1
1707 660 29 20 1 -1
1792 80 26 20 1 -1
1743 560 29 20 1 -1
1710 1280 38 20 1 -1
1709 780 22 20 1 -1
1629 1380 37 20 1 -1
1685 1020 37 20 1 -1
1695 800 26 20 1 -1
1669 1200 31 20 1 -1
1733 680 23 20 1 -1
1666 1080 24 20 1 -1
1706 1240 30 20 1 -1
1705 1260 22 20 1 -1
1721 280 39 20 1 -1
1642 1160 26 20 1 -1
1727 1260 31 20 1 -1
1726 1520 36 20 1 -1
1747 140 36 20 1 -1
1704 1640 30 20 1 -1
1698 1320 28 20 1 -1
1736 660 38 20 1 -1
1751 540 38 20 1 -1
1714 240 30 20 1 -1
1664 1800 32 20 1 -1
1705 1220 30 20 1 -1
1728 1660 33 20 1 -1
1660 1360 28 20 1 -1
1735 640 20 20 1 -1
1683 1040 31 20 1 -1
1731 780 38 20 1 -1
1711 320 36 20 1 -1
1697 1620 28 20 1 -1
1709 1560 32 20 1 -1
1711 480 34 20 1 -1
1648 1120 23 20 1 -1
1694 820 35 20 1 -1
1793 100 32 20 1 -1
1661 1900 31 20 1 -1
1744 600 37 20 1 -1
1734 1640 22 20 1 -1
1688 960 27 20 1 -1
1668 1160 32 20 1 -1
1665 1440 38 20 1 -1
1672 1180 22 20 1 -1
1699 1720 30 20 1 -1
1700 1200 38 20 1 -1
1707 1500 35 20 1 -1
1721 460 33 20 1 -1
1755 640 27 20 1 -1
1666 1380 34 20 1 -1
1728 1600 25 20 1 -1
1678 1100 31 20 1 -1
1734 160 38 20 1 -1
1686 1340 33 20 1 -1
1719 900 32 20 1 -1
1740 220 30 20 1 -1
1688 360 32 20 1 -1
1716 1540 36 20 1 -1
1663 1820 35 20 1 -1
1671 1880 31 20 1 -1
1743 180 38 20 1 -1
1736 1240 26 20 1 -1
1734 500 33 20 1 -1
1744 880 29 20 1 -1
1744 240 37 20 1 -1
1703 940 20 20 1 -1
1688 1360 38 20 1 -1
1713 340 24 20 1 -1
1691 1000 39 20 1 -1
1741 740 26 20 1 -1
1752 580 34 20 1 -1
1661 1400 28 20 1 -1
1672 1140 37 20 1 -1
1735 300 39 20 1 -1
1760 620 30 20 1 -1
1789 120 24 20 1 -1
1755 260 20 20 1 -1
1759 520 32 20 1 -1
1692 1900 33 20 1 -1
1770 220 25 20 1 -1
1780 200 25 20 1 -1
1691 1780 26 20 1 -1
1671 1120 29 20 1 -1
1786 580 21 20 1 -1
1657 1420 30 20 1 -1
1725 1620 38 20 1 -1
1678 1860 24 20 1 -1
1690 1080 21 20 1 -1
1731 440 32 20 1 -1
1694 1180 34 20 1 -1
1715 960 27 20 1 -1
1760 280 37 20 1 -1
1702 980 21 20 1 -1
1754 460 38 20 1 -1
1781 600 26 20 1 -1
1854 20 33 20 1 -1
1679 1060 28 20 1 -1
1685 380 37 20 1 -1
1709 920 39 20 1 -1
1745 480 34 20 1 -1
1747 320 36 20 1 -1
1702 400 23 20 1 -1
1729 820 22 20 1 -1
1783 140 35 20 1 -1
1735 1220 32 20 1 -1
1725 400 34 20 1 -1
1711 1080 32 20 1 -1
1790 620 32 20 1 -1
1719 1340 33 20 1 -1
1721 800 33 20 1 -1
1781 180 27 20 1 -1
1653 1940 26 20 1 -1
1763 1620 36 20 1 -1
1772 160 31 20 1 -1
1700 1160 30 20 1 -1
1756 1640 26 20 1 -1
1720 360 23 20 1 -1
1825 100 35 20 1 -1
1709 1100 22 20 1 -1
1753 1600 38 20 1 -1
1672 1760 22 20 1 -1
1741 1560 32 20 1 -1
1726 840 24 20 1 -1
1704 1480 31 20 1 -1
1684 1740 27 20 1 -1
1756 680 35 20 1 -1
1767 500 36 20 1 -1
1723 980 37 20 1 -1
1751 900 31 20 1 -1
1698 1820 28 20 1 -1
1781 240 31 20 1 -1
1746 720 37 20 1 -1
1749 1580 38 20 1 -1
1803 160 24 20 1 -1
1679 1940 32 20 1 -1
1737 340 29 20 1 -1
1754 800 35 20 1 -1
1709 1140 32 20 1 -1
1772 560 20 20 1 -1
1818 80 21 20 1 -1
1774 660 25 20 1 -1
1757 700 26 20 1 -1
1689 1400 22 20 1 -1
1693 1460 21 20 1 -1
1685 1840 21 20 1 -1
1839 80 30 20 1 -1
1694 1760 36 20 1 -1
1751 820 31 20 1 -1
1752 1540 32 20 1 -1
1739 860 30 20 1 -1
1702 1860 20 20 1 -1
1813 120 24 20 1 -1
1742 960 28 20 1 -1
1726 1320 28 20 1 -1
1837 120 25 20 1 -1
1749 760 26 20 1 -1
1746 420 26 20 1 -1
1711 1740 32 20 1 -1
1711 1940 20 20 1 -1
1744 1300 20 20 1 -1
1748 1280 21 20 1 -1
1869 80 32 20 1 -1
1750 840 22 20 1 -1
1700 1380 38 20 1 -1
1791 680 36 20 1 -1
1775 760 27 20 1 -1
1729 1720 32 20 1 -1
1706 1840 24 20 1 -1
1763 440 33 20 1 -1
1722 380 37 20 1 -1
1730 1000 25 20 1 -1
1887 20 35 20 1 -1
1676 1980 22 20 1 -1
1723 940 23 20 1 -1
1726 1360 29 20 1 -1
1774 300 33 20 1 -1
1769 780 36 20 1 -1
1759 400 26 20 1 -1
1687 1420 39 20 1 -1
1808 180 38 20 1 -1
1792 560 34 20 1 -1
1754 1320 29 20 1 -1
1698 1980 25 20 1 -1
1783 700 25 20 1 -1
1700 1120 33 20 1 -1
1807 600 22 20 1 -1
1707 1060 34 20 1 -1
1738 1200 35 20 1 -1
1731 1940 31 20 1 -1
1782 640 35 20 1 -1
1722 1020 25 20 1 -1
1702 1880 20 20 1 -1
1748 920 31 20 1 -1
1772 840 38 20 1 -1
1767 740 30 20 1 -1
1752 1340 25 20 1 -1
1773 1560 22 20 1 -1
1741 1140 38 20 1 -1
1714 1040 36 20 1 -1
1775 260 32 20 1 -1
1799 660 28 20 1 -1
1730 1160 23 20 1 -1
1783 720 24 20 1 -1
1807 580 37 20 1 -1
1746 940 32 20 1 -1
1733 1120 39 20 1 -1
1818 140 38 20 1 -1
1805 780 31 20 1 -1
1817 640 33 20 1 -1
1743 1080 32 20 1 -1
1782 900 20 20 1 -1
1711 1400 22 20 1 -1
1797 280 24 20 1 -1
1728 1180 29 20 1 -1
1703 1440 37 20 1 -1
1722 1860 34 20 1 -1
1805 200 21 20 1 -1
1802 760 35 20 1 -1
1757 1180 26 20 1 -1
1860 100 21 20 1 -1
1710 1700 30 20 1 -1
1789 800 20 20 1 -1
1696 1800 20 20 1 -1
1767 1220 39 20 1 -1
1723 1980 36 20 1 -1
1812 240 23 20 1 -1
1787 1580 25 20 1 -1
1807 260 26 20 1 -1
1782 820 24 20 1 -1
1722 1880 29 20 1 -1
1743 360 35 20 1 -1
1827 160 29 20 1 -1
1759 1980 29 20 1 -1
1791 520 24 20 1 -1
1716 1800 25 20 1 -1
1772 420 37 20 1 -1
1762 1240 30 20 1 -1
1725 1900 34 20 1 -1
1806 820 37 20 1 -1
1789 540 28 20 1 -1
1808 700 39 20 1 -1
1766 340 33 20 1 -1
1817 540 34 20 1 -1
1747 1020 31 20 1 -1
1726 1820 33 20 1 -1
1795 220 21 20 1 -1
1714 1460 24 20 1 -1
1730 1840 27 20 1 -1
1815 520 26 20 1 -1
1797 740 31 20 1 -1
1807 720 34 20 1 -1
1856 160 28 20 1 -1
1779 480 35 20 1 -1
1730 1760 25 20 1 -1
1783 320 30 20 1 -1
1922 20 29 20 1 -1
1717 1780 30 20 1 -1
1809 800 36 20 1 -1
1821 280 37 20 1 -1
1769 860 32 20 1 -1
1731 1100 30 20 1 -1
1758 1260 22 20 1 -1
1807 300 23 20 1 -1
1738 1380 23 20 1 -1
1773 880 26 20 1 -1
1796 440 29 20 1 -1
1830 300 25 20 1 -1
1862 120 29 20 1 -1
1778 360 22 20 1 -1
1751 1880 30 20 1 -1
1881 100 28 20 1 -1
1827 680 23 20 1 -1
1801 860 33 20 1 -1
1760 980 22 20 1 -1
1755 1000 27 20 1 -1
1856 140 32 20 1 -1
1792 460 33 20 1 -1
1726 1420 36 20 1 -1
1757 1840 34 20 1 -1
1828 740 35 20 1 -1
1841 720 25 20 1 -1
1740 1700 36 20 1 -1
1750 1040 33 20 1 -1
1759 380 25 20 1 -1
1741 1060 30 20 1 -1
1734 1680 39 20 1 -1
1951 20 32 20 1 -1
1753 1160 36 20 1 -1
1780 1260 24 20 1 -1
1761 1660 28 20 1 -1
1755 1760 29 20 1 -1
1743 1740 29 20 1 -1
1769 1280 30 20 1 -1
1836 780 37 20 1 -1
1835 240 21 20 1 -1
1733 1400 32 20 1 -1
1762 1940 27 20 1 -1
1784 380 25 20 1 -1
1764 1300 22 20 1 -1
1800 360 30 20 1 -1
1825 460 28 20 1 -1
1826 560 27 20 1 -1
1846 180 27 20 1 -1
1742 1500 27 20 1 -1
1827 660 32 20 1 -1
1810 840 20 20 1 -1
1759 1900 32 20 1 -1
1813 320 38 20 1 -1
1788 1980 24 20 1 -1
1761 1720 20 20 1 -1
1756 1860 21 20 1 -1
1789 1660 25 20 1 -1
1779 1140 21 20 1 -1
1812 1980 33 20 1 -1
1826 200 22 20 1 -1
1816 220 22 20 1 -1
1803 500 38 20 1 -1
1833 260 22 20 1 -1
1785 400 21 20 1 -1
1799 340 38 20 1 -1
1822 620 38 20 1 -1
1772 1120 24 20 1 -1
1829 600 38 20 1 -1
1837 760 35 20 1 -1
1789 1940 21 20 1 -1
1810 1940 29 20 1 -1
1773 1680 25 20 1 -1
1848 200 34 20 1 -1
1845 800 33 20 1 -1
1775 1080 24 20 1 -1
1759 1820 29 20 1 -1
1791 1900 21 20 1 -1
1778 940 25 20 1 -1
1850 680 21 20 1 -1
1781 1880 36 20 1 -1
1814 480 34 20 1 -1
1776 1700 23 20 1 -1
1806 400 24 20 1 -1
1762 1520 33 20 1 -1
1901 80 23 20 1 -1
1860 620 36 20 1 -1
1809 380 22 20 1 -1
1851 540 22 20 1 -1
1845 1980 35 20 1 -1
1847 700 24 20 1 -1
1856 240 22 20 1 -1
1866 720 20 20 1 -1
1735 1480 25 20 1 -1
1741 1800 38 20 1 -1
1812 1900 20 20 1 -1
1853 560 32 20 1 -1
1838 220 36 20 1 -1
1839 1940 27 20 1 -1
1755 1360 21 20 1 -1
1792 1240 21 20 1 -1
1799 880 25 20 1 -1
1799 1700 23 20 1 -1
1783 1040 26 20 1 -1
1795 1560 25 20 1 -1
1850 640 26 20 1 -1
1784 1540 25 20 1 -1
1771 1060 27 20 1 -1
1770 960 31 20 1 -1
1765 1400 31 20 1 -1
1880 1980 34 20 1 -1
1761 1380 20 20 1 -1
1876 640 38 20 1 -1
1855 260 37 20 1 -1
1777 1860 21 20 1 -1
1782 1640 33 20 1 -1
1871 700 32 20 1 -1
1843 820 33 20 1 -1
1832 1900 28 20 1 -1
1859 660 24 20 1 -1
1884 160 28 20 1 -1
1791 1840 39 20 1 -1
1873 780 31 20 1 -1
1740 1440 20 20 1 -1
1804 1260 34 20 1 -1
1814 1660 38 20 1 -1
1834 860 23 20 1 -1
1844 580 25 20 1 -1
1781 1720 33 20 1 -1
1841 520 26 20 1 -1
1924 80 26 20 1 -1
1882 200 20 20 1 -1
1761 1100 22 20 1 -1
1909 100 27 20 1 -1
1841 500 22 20 1 -1
1825 440 26 20 1 -1
1863 500 21 20 1 -1
1769 1500 20 20 1 -1
1773 1200 22 20 1 -1
1779 920 24 20 1 -1
1782 980 34 20 1 -1
1837 340 29 20 1 -1
1858 280 22 20 1 -1
1830 840 20 20 1 -1
1747 1780 24 20 1 -1
1873 540 24 20 1 -1
1791 1600 32 20 1 -1
1815 1640 37 20 1 -1
1851 320 31 20 1 -1
1772 1740 32 20 1 -1
1799 1080 39 20 1 -1
1867 600 36 20 1 -1
1782 1000 37 20 1 -1
1863 740 38 20 1 -1
1866 1940 34 20 1 -1
1783 1100 26 20 1 -1
1798 1060 24 20 1 -1
1795 1520 31 20 1 -1
1871 680 37 20 1 -1
1830 360 28 20 1 -1
1802 900 28 20 1 -1
1783 1180 29 20 1 -1
1798 1860 35 20 1 -1
1855 300 31 20 1 -1
1799 1620 26 20 1 -1
1891 120 26 20 1 -1
1778 1020 29 20 1 -1
1788 1820 36 20 1 -1
1873 180 35 20 1 -1
1776 1360 38 20 1 -1
1888 140 35 20 1 -1
1874 220 35 20 1 -1
1789 1160 29 20 1 -1
1796 1120 24 20 1 -1
1866 340 20 20 1 -1
1771 1780 22 20 1 -1
1779 1800 25 20 1 -1
1908 180 39 20 1 -1
1883 660 30 20 1 -1
1878 240 23 20 1 -1
1892 260 30 20 1 -1
1809 1540 31 20 1 -1
1798 1680 35 20 1 -1
1816 980 32 20 1 -1
1809 420 33 20 1 -1
1853 460 38 20 1 -1
1831 380 35 20 1 -1
1914 1980 39 20 1 -1
1886 720 37 20 1 -1
1867 520 21 20 1 -1
1822 1060 32 20 1 -1
1803 940 36 20 1 -1
1804 1800 33 20 1 -1
1817 1880 38 20 1 -1
1950 80 32 20 1 -1
1858 360 37 20 1 -1
1784 1760 32 20 1 -1
1799 1280 20 20 1 -1
1803 920 35 20 1 -1
1738 1460 35 20 1 -1
1860 1900 21 20 1 -1
1903 700 22 20 1 -1
1900 1940 22 20 1 -1
1760 1480 34 20 1 -1
1830 400 22 20 1 -1
1869 580 33 20 1 -1
1789 1500 23 20 1 -1
1886 340 39 20 1 -1
1762 1420 31 20 1 -1
1824 880 31 20 1 -1
1896 620 30 20 1 -1
1936 100 25 20 1 -1
1807 1020 23 20 1 -1
1917 120 34 20 1 -1
1820 1560 25 20 1 -1
1908 680 32 20 1 -1
1848 480 22 20 1 -1
1786 1300 38 20 1 -1
1902 200 31 20 1 -1
1857 860 35 20 1 -1
1801 960 36 20 1 -1
1850 840 20 20 1 -1
1809 1100 34 20 1 -1
1839 940 23 20 1 -1
1882 320 33 20 1 -1
1961 100 27 20 1 -1
1822 1700 20 20 1 -1
1823 1600 30 20 1 -1
1812 1580 33 20 1 -1
1825 1620 26 20 1 -1
1800 1140 39 20 1 -1
1923 140 34 20 1 -1
1777 1340 32 20 1 -1
1833 1860 34 20 1 -1
1870 480 23 20 1 -1
1886 300 26 20 1 -1
1783 1320 39 20 1 -1
1951 120 23 20 1 -1
1925 700 39 20 1 -1
1842 420 33 20 1 -1
1822 1320 21 20 1 -1
1866 380 34 20 1 -1
1838 1080 23 20 1 -1
1781 1380 39 20 1 -1
1855 1880 23 20 1 -1
1953 1980 29 20 1 -1
1793 1780 22 20 1 -1
1885 560 22 20 1 -1
1806 1220 28 20 1 -1
1819 1280 20 20 1 -1
1909 220 35 20 1 -1
1876 820 20 20 1 -1
1878 800 35 20 1 -1
1902 580 25 20 1 -1
1804 1740 25 20 1 -1
1903 600 33 20 1 -1
1833 1680 25 20 1 -1
1819 1000 35 20 1 -1
1809 1040 36 20 1 -1
1773 1460 20 20 1 -1
1912 160 33 20 1 -1
1872 760 20 20 1 -1
1907 560 27 20 1 -1
1830 1840 23 20 1 -1
1901 740 39 20 1 -1
1933 200 31 20 1 -1
1818 1160 23 20 1 -1
1851 440 37 20 1 -1
1892 760 31 20 1 -1
1926 620 28 20 1 -1
1813 1240 26 20 1 -1
1845 1040 23 20 1 -1
1809 1340 26 20 1 -1
1923 720 26 20 1 -1
1830 1020 25 20 1 -1
1870 840 28 20 1 -1
1852 400 25 20 1 -1
1812 1180 36 20 1 -1
1927 580 24 20 1 -1
1881 1900 38 20 1 -1
1880 280 26 20 1 -1
1875 420 24 20 1 -1
1913 660 35 20 1 -1
1855 1020 22 20 1 -1
1852 1660 29 20 1 -1
1854 1060 21 20 1 -1
1795 1200 20 20 1 -1
1891 460 23 20 1 -1
1840 1540 28 20 1 -1
1830 900 28 20 1 -1
1912 300 29 20 1 -1
1897 540 29 20 1 -1
1895 360 37 20 1 -1
1877 400 23 20 1 -1
1814 1720 23 20 1 -1
1901 240 38 20 1 -1
1939 240 31 20 1 -1
1899 420 32 20 1 -1
1884 500 31 20 1 -1
1974 120 25 20 1 -1
1900 380 31 20 1 -1
1820 1120 37 20 1 -1
1922 1940 31 20 1 -1
1815 1200 29 20 1 -1
1888 520 37 20 1 -1
1940 680 38 20 1 -1
1839 1140 24 20 1 -1
1858 1680 23 20 1 -1
1957 140 37 20 1 -1
1936 600 28 20 1 -1
1826 1520 34 20 1 -1
1842 1700 24 20 1 -1
1838 920 31 20 1 -1
1841 1160 24 20 1 -1
1878 1880 33 20 1 -1
1794 1480 20 20 1 -1
1824 1820 23 20 1 -1
1837 1720 37 20 1 -1
1867 1860 39 20 1 -1
1847 1820 36 20 1 -1
1855 880 33 20 1 -1
1932 360 23 20 1 -1
1796 1400 36 20 1 -1
1904 780 20 20 1 -1
1945 160 37 20 1 -1
1940 740 35 20 1 -1
1848 1180 30 20 1 -1
1893 480 31 20 1 -1
1925 520 34 20 1 -1
1857 1120 24 20 1 -1
1888 440 32 20 1 -1
1863 1140 24 20 1 -1
1837 960 37 20 1 -1
1815 1780 30 20 1 -1
1868 1040 32 20 1 -1
1923 760 28 20 1 -1
1853 1840 27 20 1 -1
1906 280 34 20 1 -1
1896 820 26 20 1 -1
1953 1940 28 20 1 -1
1919 1900 39 20 1 -1
1812 1500 33 20 1 -1
1947 180 29 20 1 -1
1911 1880 20 20 1 -1
1845 1580 25 20 1 -1
1964 200 27 20 1 -1
1914 640 33 20 1 -1
1944 220 29 20 1 -1
1922 260 38 20 1 -1
1914 460 32 20 1 -1
1960 260 34 20 1 -1
1976 180 20 20 1 -1
1924 780 37 20 1 -1
1834 1220 35 20 1 -1
1837 1800 27 20 1 -1
1880 1840 22 20 1 -1
1973 220 24 20 1 -1
1913 800 33 20 1 -1
1858 900 30 20 1 -1
1760 1440 34 20 1 -1
1838 1260 23 20 1 -1
1940 280 29 20 1 -1
1875 1060 23 20 1 -1
1793 1460 36 20 1 -1
1915 500 33 20 1 -1
1970 240 27 20 1 -1
1814 1480 20 20 1 -1
1924 480 37 20 1 -1
1926 540 29 20 1 -1
1888 880 29 20 1 -1
1814 1360 39 20 1 -1
1888 900 27 20 1 -1
1906 1860 26 20 1 -1
1820 1380 27 20 1 -1
1793 1420 22 20 1 -1
1794 1440 37 20 1 -1
1915 320 24 20 1 -1
1941 300 27 20 1 -1
1969 280 30 20 1 -1
1848 980 20 20 1 -1
1835 1340 21 20 1 -1
1948 500 23 20 1 -1
1816 1760 27 20 1 -1
1900 400 23 20 1 -1
1931 1880 38 20 1 -1
1948 660 37 20 1 -1
1971 500 29 20 1 -1
1898 840 37 20 1 -1
1852 1640 33 20 1 -1
1860 1520 21 20 1 -1
1843 1100 35 20 1 -1
1854 1000 39 20 1 -1
1883 1820 34 20 1 -1
1958 1900 31 20 1 -1
1949 720 39 20 1 -1
1843 1320 26 20 1 -1
1892 860 37 20 1 -1
1939 320 25 20 1 -1
1844 1200 39 20 1 -1
1824 1300 39 20 1 -1
1853 1600 38 20 1 -1
1839 1280 30 20 1 -1
1922 820 36 20 1 -1
1934 560 23 20 1 -1
1902 1840 39 20 1 -1
1877 1020 22 20 1 -1
1869 1280 22 20 1 -1
1864 1800 30 20 1 -1
1978 680 20 20 1 -1
1845 1560 21 20 1 -1
1865 1160 21 20 1 -1
1925 340 32 20 1 -1
1968 300 30 20 1 -1
1862 940 37 20 1 -1
1845 1780 26 20 1 -1
1843 1760 21 20 1 -1
1932 1860 29 20 1 -1
1868 980 33 20 1 -1
1920 440 22 20 1 -1
1964 320 26 20 1 -1
1829 1740 31 20 1 -1
1871 1780 28 20 1 -1
1961 780 21 20 1 -1
1964 700 23 20 1 -1
1957 340 39 20 1 -1
1870 1580 22 20 1 -1
1931 380 23 20 1 -1
1866 1560 37 20 1 -1
1955 360 38 20 1 -1
1894 1800 39 20 1 -1
1923 400 30 20 1 -1
1839 1240 34 20 1 -1
1887 1140 24 20 1 -1
1954 380 31 20 1 -1
1964 600 24 20 1 -1
1861 1260 39 20 1 -1
1845 1500 21 20 1 -1
1863 1300 20 20 1 -1
1969 1880 29 20 1 -1
1861 1080 34 20 1 -1
1931 420 36 20 1 -1
1851 1620 23 20 1 -1
1869 920 31 20 1 -1
1953 400 36 20 1 -1
1951 580 35 20 1 -1
1947 640 34 20 1 -1
1885 1640 31 20 1 -1
1946 460 26 20 1 -1
1915 900 22 20 1 -1
1917 1820 23 20 1 -1
1959 520 34 20 1 -1
1942 440 30 20 1 -1
1874 1620 36 20 1 -1
1961 480 37 20 1 -1
1941 1840 35 20 1 -1
1951 760 21 20 1 -1
1831 1440 36 20 1 -1
1967 420 23 20 1 -1
1954 620 24 20 1 -1
1892 1580 35 20 1 -1
1955 540 30 20 1 -1
1895 1080 22 20 1 -1
1957 560 25 20 1 -1
1961 1860 25 20 1 -1
1893 1000 28 20 1 -1
1972 440 25 20 1 -1
1972 460 23 20 1 -1
1881 1120 26 20 1 -1
1864 1760 39 20 1 -1
1832 1400 39 20 1 -1
1946 800 33 20 1 -1
1899 1780 26 20 1 -1
1860 1740 25 20 1 -1
1935 840 35 20 1 -1
1929 860 27 20 1 -1
1958 820 33 20 1 -1
1899 1020 31 20 1 -1
1874 960 24 20 1 -1
1972 760 28 20 1 -1
1917 880 28 20 1 -1
1898 960 38 20 1 -1
1815 1420 38 20 1 -1
1868 1540 36 20 1 -1
1956 860 31 20 1 -1
1970 840 29 20 1 -1
1834 1480 31 20 1 -1
1869 1220 31 20 1 -1
1869 1320 31 20 1 -1
1940 1820 37 20 1 -1
1900 1040 27 20 1 -1
1866 1700 29 20 1 -1
1873 1240 30 20 1 -1
1878 1100 28 20 1 -1
1900 920 29 20 1 -1
1945 880 26 20 1 -1
1886 1160 31 20 1 -1
1829 1460 38 20 1 -1
1937 900 27 20 1 -1
1899 940 32 20 1 -1
1883 1200 23 20 1 -1
1898 1060 39 20 1 -1
1878 1180 34 20 1 -1
1975 740 24 20 1 -1
1847 1380 27 20 1 -1
1865 1480 26 20 1 -1
1891 1600 31 20 1 -1
1929 920 23 20 1 -1
1933 1800 33 20 1 -1
1930 1020 26 20 1 -1
1971 880 21 20 1 -1
1964 900 36 20 1 -1
1931 940 35 20 1 -1
1903 1760 22 20 1 -1
1885 1740 30 20 1 -1
1952 920 32 20 1 -1
1906 1200 37 20 1 -1
1871 1400 34 20 1 -1
1925 1780 25 20 1 -1
1901 980 39 20 1 -1
1936 960 34 20 1 -1
1966 940 33 20 1 -1
1940 980 27 20 1 -1
1921 1000 29 20 1 -1
1967 980 33 20 1 -1
1970 960 24 20 1 -1
1874 1720 35 20 1 -1
1903 1560 26 20 1 -1
1881 1520 27 20 1 -1
1911 1140 25 20 1 -1
1881 1660 25 20 1 -1
1950 1000 29 20 1 -1
1881 1680 26 20 1 -1
1927 1040 37 20 1 -1
1927 1580 26 20 1 -1
1925 1760 32 20 1 -1
1883 1300 26 20 1 -1
1956 1020 33 20 1 -1
1853 1360 28 20 1 -1
1979 800 20 20 1 -1
1907 1120 37 20 1 -1
1895 1700 35 20 1 -1
1966 1800 33 20 1 -1
1937 1060 26 20 1 -1
1853 1420 28 20 1 -1
1917 1080 32 20 1 -1
1950 1780 34 20 1 -1
1964 1040 24 20 1 -1
1906 1100 25 20 1 -1
1856 1340 21 20 1 -1
1917 1160 28 20 1 -1
1867 1460 31 20 1 -1
1978 620 22 20 1 -1
1903 1240 29 20 1 -1
1979 1000 21 20 1 -1
1963 1060 29 20 1 -1
1949 1080 31 20 1 -1
1976 1840 23 20 1 -1
1915 1740 24 20 1 -1
1931 1100 26 20 1 -1
1909 1720 35 20 1 -1
1957 1100 38 20 1 -1
1912 1180 24 20 1 -1
1936 1140 35 20 1 -1
1957 1760 31 20 1 -1
1944 1120 32 20 1 -1
1945 1160 37 20 1 -1
1976 1120 21 20 1 -1
1936 1180 33 20 1 -1
1866 1500 20 20 1 -1
1939 1740 27 20 1 -1
1980 1080 20 20 1 -1
1971 1140 22 20 1 -1
1900 1220 35 20 1 -1
1943 1200 37 20 1 -1
1874 1380 38 20 1 -1
1881 1420 36 20 1 -1
1867 1440 37 20 1 -1
1907 1680 31 20 1 -1
1935 1220 34 20 1 -1
1969 1180 28 20 1 -1
1916 1640 27 20 1 -1
1900 1260 21 20 1 -1
1891 1280 20 20 1 -1
1886 1500 37 20 1 -1
1932 1240 36 20 1 -1
1921 1260 36 20 1 -1
1911 1280 36 20 1 -1
1944 1720 33 20 1 -1
1930 1700 22 20 1 -1
1969 1220 21 20 1 -1
1980 1200 20 20 1 -1
1909 1300 35 20 1 -1
1968 1240 30 20 1 -1
1906 1660 35 20 1 -1
1957 1260 20 20 1 -1
1966 1740 34 20 1 -1
1977 1820 20 20 1 -1
1952 1700 21 20 1 -1
1938 1680 36 20 1 -1
1877 1340 32 20 1 -1
1900 1320 24 20 1 -1
1941 1660 35 20 1 -1
1947 1280 37 20 1 -1
1881 1360 27 20 1 -1
1944 1300 31 20 1 -1
1924 1320 25 20 1 -1
1909 1340 32 20 1 -1
1977 1260 21 20 1 -1
1908 1360 25 20 1 -1
1973 1700 25 20 1 -1
1949 1320 34 20 1 -1
1905 1400 39 20 1 -1
1910 1620 38 20 1 -1
1943 1640 32 20 1 -1
1941 1340 27 20 1 -1
1975 1300 24 20 1 -1
1912 1380 37 20 1 -1
1933 1360 27 20 1 -1
1960 1360 34 20 1 -1
1922 1600 30 20 1 -1
1968 1340 31 20 1 -1
1949 1380 29 20 1 -1
1917 1420 20 20 1 -1
1944 1400 22 20 1 -1
1904 1440 25 20 1 -1
1898 1460 25 20 1 -1
1937 1420 22 20 1 -1
1977 1720 22 20 1 -1
1966 1400 32 20 1 -1
1929 1440 37 20 1 -1
1891 1480 36 20 1 -1
1948 1620 30 20 1 -1
1978 1380 20 20 1 -1
1959 1420 27 20 1 -1
1952 1600 27 20 1 -1
1923 1460 23 20 1 -1
1908 1520 30 20 1 -1
1966 1440 26 20 1 -1
1946 1460 34 20 1 -1
1927 1480 37 20 1 -1
1923 1500 36 20 1 -1
1904 1540 35 20 1 -1
1964 1480 23 20 1 -1
1938 1520 31 20 1 -1
1959 1500 39 20 1 -1
1939 1540 24 20 1 -1
1969 1520 28 20 1 -1
1929 1560 37 20 1 -1
1963 1540 34 20 1 -1
1953 1580 35 20 1 -1
1966 1560 31 20 1 -1
98 580 33 20 1 -1
1975 1640 24 20 1 -1
131 580 36 20 1 -1
0 1920 34 20 1 -1
0 1400 30 20 1 -1
1976 1660 23 20 1 -1
56 220 29 20 1 -1
0 980 30 20 1 -1
1974 1680 26 20 1 -1
26 400 35 20 1 -1
167 580 37 20 1 -1
1978 1620 22 20 1 -1
0 1720 32 20 1 -1
0 1300 35 20 1 -1
0 1860 35 20 1 -1
204 580 30 20 1 -1
234 580 37 20 1 -1
35 1300 36 20 1 -1
0 1960 29 20 1 -1
23 100 23 20 1 -1
71 1300 37 20 1 -1
271 580 37 20 1 -1
0 1660 22 20 1 -1
1979 1600 21 20 1 -1
34 1920 24 20 1 -1
0 940 33 20 1 -1
308 580 22 20 1 -1
330 580 27 20 1 -1
30 1400 24 20 1 -1
357 580 21 20 1 -1
378 580 25 20 1 -1
85 220 24 20 1 -1
0 1020 25 20 1 -1
109 220 33 20 1 -1
1980 1460 20 20 1 -1
142 220 28 20 1 -1
55 1180 29 20 1 -1
84 1180 39 20 1 -1
0 1460 23 20 1 -1
123 1180 24 20 1 -1
0 1540 32 20 1 -1
0 0 39 20 1 -1
25 1020 36 20 1 -1
403 580 20 20 1 -1
108 1300 32 20 1 -1
61 400 23 20 1 -1
32 1540 31 20 1 -1
23 1460 25 20 1 -1
58 1920 31 20 1 -1
84 400 34 20 1 -1
118 400 20 20 1 -1
147 1180 23 20 1 -1
33 940 27 20 1 -1
170 220 30 20 1 -1
170 1180 23 20 1 -1
60 940 33 20 1 -1
0 780 31 20 1 -1
200 220 20 20 1 -1
140 1300 38 20 1 -1
0 640 25 20 1 -1
193 1180 32 20 1 -1
225 1180 23 20 1 -1
22 1660 20 20 1 -1
42 1660 36 20 1 -1
138 400 29 20 1 -1
48 1460 22 20 1 -1
178 1300 25 20 1 -1
167 400 35 20 1 -1
203 1300 21 20 1 -1
202 400 24 20 1 -1
93 940 33 20 1 -1
35 1860 21 20 1 -1
0 1760 20 20 1 -1
248 1180 39 20 1 -1
220 220 29 20 1 -1
20 1760 29 20 1 -1
287 1180 31 20 1 -1
318 1180 32 20 1 -1
350 1180 20 20 1 -1
89 1920 33 20 1 -1
0 720 34 20 1 -1
78 1660 27 20 1 -1
226 400 24 20 1 -1
20 740 27 20 1 -1
31 780 33 20 1 -1
370 1180 23 20 1 -1
105 1660 20 20 1 -1
64 780 38 20 1 -1
250 400 39 20 1 -1
49 1760 35 20 1 -1
249 220 25 20 1 -1
274 220 36 20 1 -1
393 1180 25 20 1 -1
102 780 25 20 1 -1
310 220 32 20 1 -1
126 940 35 20 1 -1
84 1760 31 20 1 -1
224 1300 33 20 1 -1
342 220 21 20 1 -1
127 780 36 20 1 -1
161 940 37 20 1 -1
163 780 20 20 1 -1
125 1660 25 20 1 -1
198 940 32 20 1 -1
150 1660 29 20 1 -1
289 400 27 20 1 -1
179 1660 26 20 1 -1
363 220 23 20 1 -1
115 1760 33 20 1 -1
148 1760 20 20 1 -1
257 1300 22 20 1 -1
386 220 25 20 1 -1
183 780 33 20 1 -1
205 1660 34 20 1 -1
230 940 33 20 1 -1
263 940 32 20 1 -1
295 940 21 20 1 -1
279 1300 23 20 1 -1
46 100 29 20 1 -1
316 940 20 20 1 -1
239 1660 32 20 1 -1
302 1300 24 20 1 -1
336 940 20 20 1 -1
326 1300 28 20 1 -1
354 1300 31 20 1 -1
75 100 21 20 1 -1
385 1300 27 20 1 -1
316 400 21 20 1 -1
356 940 32 20 1 -1
271 1660 34 20 1 -1
337 400 36 20 1 -1
388 940 20 20 1 -1
216 780 39 20 1 -1
61 1020 28 20 1 -1
305 1660 31 20 1 -1
89 1020 28 20 1 -1
255 780 37 20 1 -1
373 400 38 20 1 -1
0 300 35 20 1 -1
30 1220 37 20 1 -1
0 380 28 20 1 -1
292 780 39 20 1 -1
331 780 38 20 1 -1
28 380 28 20 1 -1
336 1660 26 20 1 -1
96 100 33 20 1 -1
129 100 30 20 1 -1
56 380 24 20 1 -1
369 780 28 20 1 -1
67 1220 37 20 1 -1
159 100 31 20 1 -1
362 1660 34 20 1 -1
396 1660 30 20 1 -1
104 1220 30 20 1 -1
426 1660 33 20 1 -1
190 100 20 20 1 -1
80 380 34 20 1 -1
459 1660 31 20 1 -1
490 1660 34 20 1 -1
117 1020 39 20 1 -1
524 1660 25 20 1 -1
397 780 28 20 1 -1
114 380 38 20 1 -1
25 640 39 20 1 -1
549 1660 21 20 1 -1
64 640 26 20 1 -1
210 100 23 20 1 -1
152 380 22 20 1 -1
