2000 2000 20 0
599 1903 178 178 0
1989 443 117 117 0
1887 1045 170 170 0
582 1390 172 172 0
1847 833 187 187 0
346 770 90 90 0
930 928 108 108 0
516 329 168 168 0
71 1853 101 101 0
197 442 138 138 0
137 663 128 128 0
751 990 149 149 0
1853 1674 112 112 0
755 68 133 133 0
619 1307 193 193 0
18 1219 188 188 0
1211 7 150 150 0
1662 1098 161 161 0
1052 245 82 82 0
488 900 146 146 0
1079 834 65 65 0
1670 9 96 96 0
1763 187 81 81 0
339 1834 173 173 0
40 537 84 84 0
277 178 117 117 0
1200 1028 80 80 0
1169 1054 77 77 0
703 1924 199 199 0
1123 1323 92 92 0
1231 1142 133 133 0
542 443 177 177 0
1149 205 146 146 0
1541 202 103 103 0
450 30 150 150 0
1103 1529 134 134 0
864 774 130 130 0
1539 627 196 196 0
961 1878 103 103 0
462 1002 168 168 0
416 739 135 135 0
1180 1616 168 168 0
1767 349 117 117 0
671 470 185 185 0
273 1794 101 101 0
1793 1505 111 111 0
936 336 173 173 0
1948 86 188 188 0
541 1490 72 72 0
289 992 193 193 0
1520 1393 135 135 0
522 385 74 74 0
167 61 89 89 0
1012 1128 153 153 0
1940 1475 184 184 0
131 356 110 110 0
215 1311 71 71 0
1973 1982 65 65 0
1661 645 125 125 0
453 1935 71 71 0
440 247 95 95 0
1441 1377 195 195 0
584 1389 186 186 0
1463 1125 179 179 0
880 1753 99 99 0
118 400 136 136 0
1146 640 114 114 0
785 1313 167 167 0
702 1798 133 133 0
442 643 154 154 0
1274 573 135 135 0
999 1489 68 68 0
1885 973 122 122 0
1472 1547 190 190 0
1619 1925 190 190 0
1482 59 161 161 0
173 923 101 101 0
1436 757 164 164 0
313 900 150 150 0
1883 1193 111 111 0
653 1 157 157 0
1594 1800 85 85 0
641 380 123 123 0
1113 1344 37 20 1
179 1556 36 20 1
1987 1453 26 20 1
129 987 24 20 1
943 15 37 20 1
1960 415 27 20 1
1562 1579 33 20 1
341 1044 39 20 1
1638 514 31 20 1
1968 1075 33 20 1
1272 282 37 20 1
1975 1156 28 20 1
1476 628 38 20 1
1157 1070 27 20 1
428 1799 36 20 1
1451 1542 33 20 1
1143 1630 38 20 1
1099 1130 29 20 1
1084 1228 24 20 1
117 27 39 20 1
1244 78 38 20 1
443 806 22 20 1
1658 784 37 20 1
1851 1296 32 20 1
1299 1820 28 20 1
371 571 32 20 1
102 347 25 20 1
1727 1578 35 20 1
975 885 26 20 1
649 1404 28 20 1
684 100 24 20 1
947 1828 23 20 1
1731 46 25 20 1
958 815 31 20 1
1275 1076 28 20 1
843 520 23 20 1
1154 1286 38 20 1
1326 812 22 20 1
71 1178 22 20 1
109 1370 29 20 1
998 481 35 20 1
1942 1101 39 20 1
828 1669 38 20 1
679 1804 33 20 1
555 1329 27 20 1
1209 1239 34 20 1
1429 156 27 20 1
1068 1160 25 20 1
203 26 24 20 1
1976 1479 31 20 1
1102 820 24 20 1
1999 257 23 20 1
107 1326 34 20 1
1069 178 22 20 1
504 1179 35 20 1
1548 1503 23 20 1
1660 1490 34 20 1
605 488 21 20 1
1160 1285 39 20 1
293 1715 21 20 1
614 1502 30 20 1
955 43 23 20 1
1659 23 24 20 1
1204 1863 35 20 1
50 1181 34 20 1
1342 1153 33 20 1
1 1341 39 20 1
1410 108 32 20 1
667 480 35 20 1
287 1172 21 20 1
1659 1835 22 20 1
676 1319 30 20 1
1326 1281 21 20 1
1808 487 21 20 1
566 101 24 20 1
203 1180 29 20 1
1604 1159 36 20 1
1224 1264 31 20 1
1183 428 35 20 1
1127 1233 21 20 1
1609 469 23 20 1
387 1611 39 20 1
1810 1798 24 20 1
1720 478 37 20 1
278 7 22 20 1
1651 1937 39 20 1
1843 327 21 20 1
1257 1170 37 20 1
1609 1066 21 20 1
1657 175 20 20 1
1168 1861 38 20 1
1356 772 31 20 1
1020 580 23 20 1
36 204 23 20 1
1009 1163 27 20 1
1438 619 38 20 1
1633 1825 36 20 1
231 1444 27 20 1
1623 1951 31 20 1
1922 1901 31 20 1
1959 1574 29 20 1
1839 1803 33 20 1
1901 1097 21 20 1
973 1510 30 20 1
163 631 35 20 1
1686 1332 26 20 1
492 1043 39 20 1
104 1513 31 20 1
1624 141 37 20 1
1717 633 34 20 1
1305 1155 32 20 1
1253 938 20 20 1
981 1484 34 20 1
383 604 36 20 1
1435 305 38 20 1
506 1395 37 20 1
1879 346 36 20 1
1198 1781 39 20 1
1443 171 34 20 1
1292 1607 38 20 1
803 978 39 20 1
939 1296 33 20 1
22 1044 29 20 1
809 1646 23 20 1
1185 527 36 20 1
279 491 37 20 1
1683 1532 21 20 1
1430 664 32 20 1
1017 1813 24 20 1
1269 452 32 20 1
118 1775 24 20 1
1848 1998 34 20 1
121 1046 26 20 1
1780 1565 26 20 1
1218 1072 24 20 1
1172 21 21 20 1
51 111 32 20 1
1317 73 24 20 1
1156 127 33 20 1
1719 341 30 20 1
654 1999 39 20 1
833 337 25 20 1
1531 263 30 20 1
1002 548 34 20 1
76 271 22 20 1
1001 195 29 20 1
46 849 31 20 1
194 168 38 20 1
1896 1974 29 20 1
1733 1114 26 20 1
1047 906 36 20 1
1135 1098 28 20 1
1018 453 20 20 1
1171 174 26 20 1
580 891 31 20 1
516 1234 36 20 1
890 1349 24 20 1
1572 421 33 20 1
1612 575 29 20 1
970 1689 29 20 1
846 1972 26 20 1
1884 893 34 20 1
822 79 23 20 1
1061 718 32 20 1
53 795 20 20 1
1833 1100 28 20 1
1702 969 33 20 1
198 720 33 20 1
1422 1370 32 20 1
895 2 26 20 1
261 1411 23 20 1
1237 1151 32 20 1
761 810 32 20 1
1573 373 34 20 1
1385 544 26 20 1
63 231 34 20 1
516 1948 24 20 1
1124 1339 38 20 1
27 186 33 20 1
58 80 33 20 1
982 1891 25 20 1
1181 684 30 20 1
860 1380 21 20 1
1405 283 25 20 1
750 300 37 20 1
285 1012 33 20 1
1711 1523 21 20 1
164 473 22 20 1
333 1737 27 20 1
846 1718 31 20 1
282 910 31 20 1
1949 798 33 20 1
858 1074 25 20 1
138 885 35 20 1
1261 196 25 20 1
966 244 26 20 1
87 147 23 20 1
928 948 39 20 1
1527 333 20 20 1
1231 278 36 20 1
634 1517 26 20 1
1290 346 23 20 1
1040 1455 28 20 1
819 1374 39 20 1
1193 1666 38 20 1
1092 1475 35 20 1
576 1042 33 20 1
273 1435 22 20 1
117 411 33 20 1
320 1379 27 20 1
608 1286 35 20 1
1623 695 38 20 1
1434 551 38 20 1
1644 961 37 20 1
885 875 24 20 1
1240 1520 35 20 1
393 531 30 20 1
1866 1434 25 20 1
1986 685 38 20 1
808 1179 38 20 1
352 1901 37 20 1
654 929 29 20 1
944 928 31 20 1
364 1061 23 20 1
1340 684 25 20 1
440 1948 37 20 1
1971 64 29 20 1
644 1405 29 20 1
615 288 36 20 1
366 1501 29 20 1
1164 1607 25 20 1
1022 1557 23 20 1
138 888 33 20 1
991 124 34 20 1
1574 1800 22 20 1
1303 1927 32 20 1
1702 1958 29 20 1
856 646 36 20 1
886 1220 34 20 1
1707 226 23 20 1
1904 148 24 20 1
175 1875 29 20 1
212 819 22 20 1
1281 828 22 20 1
1107 1648 27 20 1
330 271 26 20 1
1255 1352 38 20 1
1829 1393 38 20 1
241 821 32 20 1
1517 1816 36 20 1
621 821 36 20 1
1743 323 29 20 1
779 599 26 20 1
970 1666 27 20 1
1819 678 33 20 1
1892 1724 32 20 1
827 68 25 20 1
1599 1040 23 20 1
887 880 21 20 1
1868 1994 22 20 1
528 199 32 20 1
266 1784 27 20 1
1552 96 25 20 1
1177 1794 26 20 1
917 695 21 20 1
1610 1539 28 20 1
1517 1353 38 20 1
1863 297 31 20 1
1952 833 25 20 1
1963 1772 33 20 1
1511 1856 35 20 1
1496 338 29 20 1
1924 1096 23 20 1
1378 811 37 20 1
1977 1247 32 20 1
806 506 30 20 1
1447 1073 24 20 1
290 999 31 20 1
1169 1467 28 20 1
793 86 36 20 1
163 403 27 20 1
1625 1680 24 20 1
1757 1488 26 20 1
1977 1710 34 20 1
321 1941 32 20 1
1482 1833 39 20 1
1797 978 26 20 1
171 1721 37 20 1
74 1550 22 20 1
533 51 28 20 1
797 1339 20 20 1
557 244 35 20 1
412 847 35 20 1
1243 1581 25 20 1
315 37 22 20 1
1668 479 37 20 1
441 1294 34 20 1
160 198 20 20 1
782 138 28 20 1
1908 1104 39 20 1
79 1391 34 20 1
938 1876 24 20 1
369 1109 29 20 1
1598 444 37 20 1
659 131 21 20 1
496 1457 21 20 1
1471 1053 27 20 1
1701 1884 26 20 1
1901 945 33 20 1
1466 217 36 20 1
983 1134 22 20 1
697 1424 21 20 1
428 857 21 20 1
1623 1211 29 20 1
995 1531 35 20 1
316 1075 33 20 1
922 1254 28 20 1
952 1292 22 20 1
364 550 31 20 1
1736 1024 31 20 1
682 233 30 20 1
481 154 31 20 1
1286 182 27 20 1
38 1188 26 20 1
1128 1504 37 20 1
1406 111 29 20 1
639 103 23 20 1
1536 1068 32 20 1
960 1159 30 20 1
280 1956 32 20 1
691 596 31 20 1
1031 1613 24 20 1
1850 1983 36 20 1
906 215 21 20 1
534 643 21 20 1
1239 1217 38 20 1
876 1720 23 20 1
1371 163 29 20 1
1903 1409 24 20 1
1351 1031 36 20 1
914 758 25 20 1
1143 1553 27 20 1
861 679 37 20 1
622 1822 26 20 1
1838 902 36 20 1
1778 529 33 20 1
1498 810 20 20 1
143 1349 25 20 1
793 1049 35 20 1
1565 1328 32 20 1
1693 804 36 20 1
545 569 26 20 1
524 1916 24 20 1
733 427 23 20 1
1326 84 32 20 1
1459 240 22 20 1
842 602 33 20 1
1794 1704 35 20 1
1282 416 34 20 1
1526 1120 24 20 1
1318 1304 28 20 1
1649 817 26 20 1
114 1792 28 20 1
167 908 24 20 1
842 1732 27 20 1
237 536 30 20 1
536 782 23 20 1
1105 1061 31 20 1
699 1838 20 20 1
1489 25 27 20 1
1923 949 27 20 1
266 766 26 20 1
1552 60 34 20 1
470 834 25 20 1
476 1997 32 20 1
1954 1795 31 20 1
1301 1604 38 20 1
613 1416 33 20 1
1397 781 36 20 1
325 239 33 20 1
513 563 26 20 1
775 1050 32 20 1
1346 1881 20 20 1
112 45 30 20 1
1720 1602 36 20 1
71 1644 32 20 1
551 337 32 20 1
410 103 30 20 1
397 881 28 20 1
937 874 27 20 1
878 892 34 20 1
670 180 36 20 1
496 1284 33 20 1
1597 1893 23 20 1
65 1923 20 20 1
133 579 21 20 1
486 909 33 20 1
1629 1832 23 20 1
791 1742 32 20 1
1878 511 34 20 1
1344 1950 31 20 1
155 1895 20 20 1
287 566 20 20 1
1999 685 26 20 1
1448 936 25 20 1
1560 327 33 20 1
1829 230 37 20 1
507 325 23 20 1
1514 104 26 20 1
218 1580 33 20 1
28 352 37 20 1
159 514 33 20 1
1261 1789 26 20 1
347 52 37 20 1
1531 225 23 20 1
564 875 23 20 1
176 719 30 20 1
771 463 36 20 1
1286 770 33 20 1
1149 735 38 20 1
1707 709 23 20 1
1062 1536 27 20 1
940 1569 34 20 1
1862 455 37 20 1
1674 80 30 20 1
35 1703 34 20 1
432 194 38 20 1
217 1694 24 20 1
1984 565 38 20 1
1746 1515 31 20 1
791 310 38 20 1
390 967 29 20 1
1030 1162 31 20 1
1430 317 38 20 1
1933 580 35 20 1
1052 1640 36 20 1
1289 114 31 20 1
1177 230 33 20 1
1684 1039 39 20 1
685 1359 38 20 1
1120 721 26 20 1
1062 1553 37 20 1
916 1279 31 20 1
1247 900 32 20 1
1845 993 35 20 1
415 636 35 20 1
1304 806 35 20 1
1603 334 25 20 1
1968 1034 32 20 1
651 1901 29 20 1
1614 1704 23 20 1
1542 903 35 20 1
1818 720 37 20 1
1133 1503 37 20 1
1760 1819 33 20 1
862 880 28 20 1
540 1924 32 20 1
433 1456 31 20 1
1204 1680 32 20 1
356 1049 30 20 1
674 772 22 20 1
1685 1978 31 20 1
1578 1288 20 20 1
313 1547 34 20 1
322 964 30 20 1
1449 1937 36 20 1
668 991 30 20 1
840 487 22 20 1
1712 1974 29 20 1
1990 1472 30 20 1
1793 852 20 20 1
352 334 36 20 1
777 786 27 20 1
1790 1982 32 20 1
467 147 29 20 1
1031 1141 22 20 1
919 717 28 20 1
1120 497 24 20 1
6 1433 28 20 1
45 329 20 20 1
397 1494 34 20 1
266 1066 31 20 1
486 1107 36 20 1
1554 198 31 20 1
1082 1544 28 20 1
1670 876 29 20 1
397 23 39 20 1
1210 1175 21 20 1
809 1001 21 20 1
1157 1277 32 20 1
1148 189 31 20 1
418 68 24 20 1
907 1538 24 20 1
566 913 32 20 1
971 611 38 20 1
1243 1369 34 20 1
105 1510 29 20 1
436 592 28 20 1
617 1990 37 20 1
790 1699 39 20 1
1535 461 38 20 1
575 1933 37 20 1
484 1786 35 20 1
1108 1294 26 20 1
787 266 30 20 1
571 1936 24 20 1
455 990 29 20 1
4 1363 38 20 1
529 571 29 20 1
277 1500 37 20 1
1182 1520 39 20 1
870 1288 23 20 1
1030 1306 29 20 1
1880 1648 35 20 1
1297 671 35 20 1
1347 832 38 20 1
1132 1923 25 20 1
765 1617 35 20 1
1709 1873 39 20 1
912 497 26 20 1
139 1484 28 20 1
433 595 31 20 1
474 438 31 20 1
1959 1003 32 20 1
1009 236 23 20 1
504 192 29 20 1
1756 1374 27 20 1
1480 787 33 20 1
681 1361 38 20 1
435 1978 24 20 1
32 1783 32 20 1
810 1164 37 20 1
1707 1575 22 20 1
782 1417 27 20 1
1449 1694 23 20 1
1914 1589 32 20 1
1178 348 31 20 1
185 1653 33 20 1
787 144 31 20 1
657 1796 21 20 1
380 1161 31 20 1
1989 137 31 20 1
536 1470 24 20 1
924 1217 20 20 1
831 1360 26 20 1
1196 863 20 20 1
1144 6 38 20 1
28 851 32 20 1
1582 811 35 20 1
268 1032 37 20 1
505 183 38 20 1
621 1684 23 20 1
532 806 28 20 1
1338 1319 29 20 1
951 1995 35 20 1
1116 1331 32 20 1
1156 1105 39 20 1
1469 1693 23 20 1
575 394 25 20 1
911 1407 37 20 1
1754 107 27 20 1
271 899 37 20 1
113 299 34 20 1
1750 1696 29 20 1
1111 19 25 20 1
728 1616 38 20 1
203 1349 22 20 1
1301 736 37 20 1
156 639 32 20 1
55 1108 34 20 1
634 1172 38 20 1
440 1791 23 20 1
278 1909 25 20 1
1485 854 23 20 1
303 396 24 20 1
261 58 32 20 1
503 532 23 20 1
958 617 22 20 1
832 708 24 20 1
313 1943 38 20 1
728 1041 20 20 1
1560 932 23 20 1
391 861 22 20 1
1668 548 29 20 1
1501 1724 32 20 1
1656 136 38 20 1
896 96 22 20 1
1928 1174 32 20 1
6 1413 21 20 1
28 309 27 20 1
1809 290 29 20 1
368 312 28 20 1
822 1326 25 20 1
929 1655 24 20 1
35 1242 38 20 1
1598 764 31 20 1
284 1159 23 20 1
1696 676 20 20 1
21 1365 28 20 1
1224 1522 36 20 1
1089 881 35 20 1
1658 1986 27 20 1
978 1586 39 20 1
1160 984 20 20 1
999 1189 30 20 1
1294 809 24 20 1
1479 1662 33 20 1
1121 302 33 20 1
989 51 26 20 1
1957 1024 37 20 1
1294 1556 32 20 1
1789 1578 26 20 1
715 1486 21 20 1
255 736 35 20 1
851 1480 36 20 1
258 1941 33 20 1
361 1917 33 20 1
1927 1339 38 20 1
1504 1088 26 20 1
323 503 35 20 1
277 1618 25 20 1
1312 1757 36 20 1
1280 434 23 20 1
59 270 31 20 1
485 17 21 20 1
1294 1780 22 20 1
1573 1084 23 20 1
1359 289 24 20 1
570 1614 22 20 1
1025 1422 31 20 1
1094 1284 21 20 1
1363 1455 37 20 1
1202 1291 38 20 1
795 706 21 20 1
379 1119 38 20 1
1210 657 29 20 1
737 523 25 20 1
414 18 31 20 1
957 474 23 20 1
288 1443 31 20 1
491 1583 29 20 1
1224 64 36 20 1
667 583 38 20 1
353 1237 30 20 1
197 1379 31 20 1
659 1291 34 20 1
664 23 24 20 1
747 1866 25 20 1
1314 1542 32 20 1
572 1693 30 20 1
662 1783 20 20 1
351 1399 38 20 1
306 765 26 20 1
1417 1264 24 20 1
1239 1705 30 20 1
708 1730 28 20 1
1288 1932 26 20 1
1795 1956 33 20 1
515 149 32 20 1
1193 712 28 20 1
1528 1853 25 20 1
4 192 34 20 1
1876 751 26 20 1
59 1191 24 20 1
294 632 35 20 1
885 956 25 20 1
415 1236 33 20 1
356 721 20 20 1
1 1773 36 20 1
1986 1241 37 20 1
1479 694 32 20 1
972 768 26 20 1
627 767 33 20 1
724 1142 30 20 1
916 1918 36 20 1
1855 445 25 20 1
1771 1860 25 20 1
638 1648 21 20 1
612 698 30 20 1
839 906 37 20 1
1330 1724 32 20 1
1863 1745 30 20 1
961 219 36 20 1
467 963 39 20 1
1993 453 34 20 1
204 1472 26 20 1
1148 1176 27 20 1
241 1775 20 20 1
1944 965 20 20 1
918 861 20 20 1
883 773 29 20 1
1306 655 25 20 1
634 1945 34 20 1
303 1246 36 20 1
643 1142 30 20 1
152 1973 29 20 1
867 15 21 20 1
1719 1828 23 20 1
235 187 29 20 1
792 228 38 20 1
641 996 20 20 1
1701 1789 21 20 1
173 1942 24 20 1
1565 117 34 20 1
908 483 32 20 1
979 1791 21 20 1
1257 286 39 20 1
446 1891 37 20 1
231 749 23 20 1
1137 875 29 20 1
1892 1289 35 20 1
849 760 35 20 1
1305 568 20 20 1
589 1541 31 20 1
755 1381 34 20 1
1769 1396 34 20 1
378 1471 38 20 1
1186 551 21 20 1
1413 751 35 20 1
669 321 38 20 1
1235 1648 22 20 1
113 492 25 20 1
1934 559 24 20 1
383 166 36 20 1
1309 1521 21 20 1
1041 1202 34 20 1
811 1890 25 20 1
1963 116 23 20 1
459 552 38 20 1
1658 1215 35 20 1
1934 1427 21 20 1
611 312 39 20 1
898 1798 36 20 1
864 312 26 20 1
550 1534 33 20 1
633 1785 29 20 1
1182 747 28 20 1
277 1117 33 20 1
1306 661 26 20 1
1284 616 32 20 1
182 326 22 20 1
1819 993 21 20 1
216 1782 27 20 1
1110 676 22 20 1
335 768 33 20 1
1891 269 22 20 1
196 503 37 20 1
582 1095 31 20 1
301 1446 24 20 1
1407 851 33 20 1
980 41 30 20 1
637 163 26 20 1
789 914 38 20 1
1281 95 35 20 1
1576 565 22 20 1
712 1758 20 20 1
891 532 30 20 1
752 1108 27 20 1
314 1862 24 20 1
1784 649 29 20 1
631 1676 23 20 1
919 828 26 20 1
179 1501 28 20 1
1923 480 20 20 1
947 1331 32 20 1
1332 1928 22 20 1
1373 1969 29 20 1
91 162 21 20 1
884 1373 35 20 1
258 461 35 20 1
1939 971 33 20 1
219 831 38 20 1
1503 972 37 20 1
1939 1817 21 20 1
835 1724 20 20 1
467 1466 30 20 1
1400 1387 23 20 1
294 1580 38 20 1
888 218 22 20 1
61 1836 27 20 1
1549 1393 31 20 1
1765 922 32 20 1
1363 1857 34 20 1
1085 248 30 20 1
1230 1343 28 20 1
709 1169 36 20 1
314 929 31 20 1
0 1817 38 20 1
1901 1940 24 20 1
1635 737 35 20 1
1665 103 27 20 1
203 1066 27 20 1
1490 498 21 20 1
646 379 36 20 1
716 707 27 20 1
215 266 34 20 1
101 1980 38 20 1
1189 1464 36 20 1
1838 274 36 20 1
1713 1068 34 20 1
1618 423 32 20 1
238 1932 30 20 1
1352 239 32 20 1
1750 1254 30 20 1
179 1386 31 20 1
1991 1845 33 20 1
1489 195 20 20 1
911 979 35 20 1
693 1557 31 20 1
1358 1410 22 20 1
264 1574 22 20 1
1676 365 23 20 1
1555 865 35 20 1
1830 1393 36 20 1
1140 1543 34 20 1
461 758 23 20 1
1966 700 33 20 1
691 1319 26 20 1
939 442 22 20 1
573 1118 37 20 1
1828 565 22 20 1
964 1317 29 20 1
760 1875 25 20 1
296 1454 23 20 1
1432 1655 25 20 1
864 1697 33 20 1
1229 541 38 20 1
63 784 24 20 1
1407 1893 30 20 1
177 547 35 20 1
1437 639 38 20 1
1306 1404 22 20 1
1339 1998 25 20 1
723 278 31 20 1
440 1297 32 20 1
1397 268 37 20 1
1862 362 24 20 1
1585 623 33 20 1
237 1882 32 20 1
78 1670 36 20 1
1537 942 36 20 1
1367 767 35 20 1
1484 1430 20 20 1
1551 891 31 20 1
1324 1729 32 20 1
1439 761 35 20 1
369 746 35 20 1
165 1709 25 20 1
744 889 21 20 1
1988 1184 37 20 1
186 1386 23 20 1
1452 49 23 20 1
1748 1037 27 20 1
673 1985 28 20 1
919 751 27 20 1
1656 457 32 20 1
1694 1023 22 20 1
1224 1178 26 20 1
454 776 37 20 1
70 1779 32 20 1
505 1509 22 20 1
541 874 36 20 1
255 707 34 20 1
584 999 27 20 1
1596 572 27 20 1
183 1783 27 20 1
1958 1636 25 20 1
1832 1706 31 20 1
673 506 21 20 1
1692 1593 38 20 1
1257 1348 28 20 1
50 952 37 20 1
372 1275 33 20 1
130 827 29 20 1
51 200 29 20 1
606 556 25 20 1
1710 1147 24 20 1
1431 1965 24 20 1
1854 15 31 20 1
965 1451 26 20 1
588 1149 22 20 1
1234 546 34 20 1
785 1067 29 20 1
252 1459 29 20 1
1573 1944 23 20 1
1052 831 37 20 1
1292 1103 22 20 1
1783 1664 25 20 1
378 1914 23 20 1
491 429 20 20 1
114 1098 38 20 1
986 1824 25 20 1
246 418 36 20 1
1790 100 33 20 1
434 756 33 20 1
1552 1022 23 20 1
1905 786 20 20 1
1569 690 39 20 1
1853 1821 35 20 1
149 1427 22 20 1
1766 1202 37 20 1
258 1059 24 20 1
305 42 39 20 1
723 684 30 20 1
1956 1215 33 20 1
1114 70 29 20 1
314 101 36 20 1
1895 560 37 20 1
519 1686 34 20 1
661 954 28 20 1
442 213 23 20 1
1977 348 36 20 1
999 1546 23 20 1
1038 853 33 20 1
1367 1188 26 20 1
280 1134 26 20 1
390 539 30 20 1
193 696 29 20 1
581 917 32 20 1
1381 537 34 20 1
133 495 29 20 1
608 447 30 20 1
596 504 20 20 1
1008 1116 25 20 1
191 1669 23 20 1
71 634 33 20 1
1883 48 28 20 1
982 882 24 20 1
1594 21 33 20 1
1736 962 24 20 1
1210 16 26 20 1
96 1600 30 20 1
556 290 28 20 1
297 1137 26 20 1
1207 1678 21 20 1
1675 1341 21 20 1
174 284 36 20 1
1788 771 37 20 1
789 797 39 20 1
1887 980 30 20 1
466 1958 25 20 1
1614 349 23 20 1
6 597 27 20 1
1232 1601 28 20 1
618 968 37 20 1
564 1828 33 20 1
985 660 35 20 1
1429 1542 27 20 1
951 1727 22 20 1
679 158 28 20 1
1406 355 22 20 1
1500 1580 32 20 1
640 1288 39 20 1
351 1429 22 20 1
85 239 37 20 1
409 552 23 20 1
197 24 36 20 1
902 204 26 20 1
621 134 27 20 1
1806 1240 29 20 1
1103 370 30 20 1
1069 89 34 20 1
1031 499 39 20 1
1631 1982 39 20 1
227 311 21 20 1
141 1633 20 20 1
666 1641 21 20 1
1213 1307 37 20 1
930 1565 37 20 1
736 1016 20 20 1
1804 1145 28 20 1
1568 2 23 20 1
1170 471 24 20 1
207 1792 35 20 1
606 13 32 20 1
1032 1709 21 20 1
383 102 29 20 1
1799 1415 28 20 1
601 1430 29 20 1
1397 828 32 20 1
1742 1539 36 20 1
462 408 31 20 1
1180 1676 24 20 1
1715 111 36 20 1
1241 452 33 20 1
1127 1046 21 20 1
1597 696 39 20 1
1048 768 29 20 1
1168 1256 27 20 1
560 1774 27 20 1
1269 1592 38 20 1
1484 1653 38 20 1
1695 1283 22 20 1
1068 297 38 20 1
713 466 37 20 1
1126 455 23 20 1
5 1588 38 20 1
864 1186 38 20 1
1264 580 21 20 1
1297 506 36 20 1
1032 425 39 20 1
1552 630 30 20 1
1122 601 20 20 1
1399 290 23 20 1
1858 1959 25 20 1
64 1127 32 20 1
1552 1548 25 20 1
781 1247 34 20 1
831 1850 20 20 1
1545 1545 34 20 1
316 671 27 20 1
1 322 37 20 1
260 866 25 20 1
1508 1524 31 20 1
1447 806 33 20 1
31 480 39 20 1
1232 1584 32 20 1
1111 354 32 20 1
186 510 28 20 1
644 44 20 20 1
469 709 39 20 1
1172 21 27 20 1
258 1953 38 20 1
1269 1090 21 20 1
1803 814 25 20 1
636 119 36 20 1
1485 637 25 20 1
441 1745 23 20 1
1504 1950 34 20 1
1270 951 27 20 1
756 1302 20 20 1
1432 1988 33 20 1
886 543 37 20 1
343 1072 20 20 1
1054 987 37 20 1
1117 1523 23 20 1
1697 289 32 20 1
1545 1955 22 20 1
242 815 38 20 1
1045 46 33 20 1
1629 1681 37 20 1
165 1115 25 20 1
319 607 30 20 1
861 1824 23 20 1
558 132 36 20 1
776 1314 24 20 1
1434 208 22 20 1
1303 320 29 20 1
752 1646 37 20 1
1393 1806 30 20 1
634 510 29 20 1
1330 332 37 20 1
800 876 38 20 1
287 1042 27 20 1
1691 1333 39 20 1
1088 1321 23 20 1
1015 1254 23 20 1
436 1335 24 20 1
1862 1298 27 20 1
1159 420 38 20 1
1430 1935 32 20 1
1735 864 27 20 1
144 1038 32 20 1
1185 897 30 20 1
685 578 27 20 1
703 1320 30 20 1
1089 34 33 20 1
1652 1889 20 20 1
911 1939 33 20 1
932 602 32 20 1
1273 21 33 20 1
1924 289 30 20 1
1275 361 37 20 1
1624 1138 24 20 1
1659 784 33 20 1
1558 1089 34 20 1
719 1293 29 20 1
1953 864 35 20 1
332 1138 23 20 1
1761 1017 26 20 1
1717 465 26 20 1
337 806 32 20 1
500 1989 23 20 1
696 1411 24 20 1
1929 1629 20 20 1
14 1203 22 20 1
1650 1938 28 20 1
1492 925 24 20 1
299 1116 27 20 1
64 1958 35 20 1
1900 1622 22 20 1
1048 620 20 20 1
915 1001 22 20 1
1484 1248 34 20 1
140 1246 30 20 1
265 1857 30 20 1
1711 603 24 20 1
664 211 24 20 1
593 1361 30 20 1
1623 522 37 20 1
990 1637 36 20 1
1726 640 24 20 1
1576 1218 28 20 1
1566 1875 34 20 1
335 1630 29 20 1
1834 235 21 20 1
1252 882 29 20 1
856 168 38 20 1
1884 341 37 20 1
1416 24 32 20 1
1587 1682 25 20 1
1882 1299 24 20 1
286 547 25 20 1
1510 879 28 20 1
1908 1134 29 20 1
1402 898 26 20 1
771 1128 31 20 1
1539 347 37 20 1
346 1105 30 20 1
223 681 39 20 1
736 58 33 20 1
917 1988 32 20 1
941 1773 39 20 1
157 825 35 20 1
115 1574 27 20 1
850 1702 30 20 1
1257 733 26 20 1
1002 1543 32 20 1
1280 513 34 20 1
422 1189 37 20 1
1647 1824 30 20 1
88 418 31 20 1
952 1627 21 20 1
766 1299 39 20 1
733 990 26 20 1
1981 1469 31 20 1
1048 898 20 20 1
1457 1989 35 20 1
672 1615 30 20 1
815 787 38 20 1
1190 1666 28 20 1
490 447 35 20 1
400 1492 22 20 1
1990 1681 34 20 1
5 413 24 20 1
870 1653 31 20 1
237 958 20 20 1
71 1190 36 20 1
586 838 29 20 1
489 1319 30 20 1
1828 471 35 20 1
788 876 22 20 1
1369 246 23 20 1
866 42 35 20 1
1861 1682 38 20 1
830 1051 31 20 1
1349 1320 25 20 1
1499 1749 24 20 1
813 1489 23 20 1
1430 819 20 20 1
1902 301 22 20 1
472 140 34 20 1
1259 544 32 20 1
1330 1845 24 20 1
1382 1820 33 20 1
1164 1211 38 20 1
291 1952 35 20 1
87 1661 34 20 1
199 954 34 20 1
1704 60 26 20 1
637 534 32 20 1
1112 1986 23 20 1
1855 612 21 20 1
1735 669 35 20 1
101 1166 37 20 1
1488 4 26 20 1
1467 1961 27 20 1
145 726 37 20 1
505 1476 22 20 1
572 1888 37 20 1
1297 1737 27 20 1
1099 1589 38 20 1
1690 1187 39 20 1
1250 1889 31 20 1
142 955 34 20 1
1950 779 38 20 1
1489 1063 22 20 1
765 1344 20 20 1
1675 501 23 20 1
14 1777 26 20 1
1667 1502 20 20 1
1782 1134 25 20 1
1464 1927 20 20 1
1861 1970 32 20 1
1403 434 29 20 1
1858 701 34 20 1
172 958 31 20 1
290 1862 25 20 1
146 1541 28 20 1
1752 288 26 20 1
496 1702 31 20 1
1068 1985 21 20 1
766 1833 29 20 1
1330 441 33 20 1
335 1344 37 20 1
218 2 26 20 1
847 1 39 20 1
1137 311 24 20 1
1928 998 23 20 1
282 1332 22 20 1
1433 141 22 20 1
33 1605 31 20 1
1099 324 21 20 1
1467 1246 21 20 1
1865 1220 22 20 1
1535 361 35 20 1
922 603 39 20 1
347 1688 25 20 1
437 1678 35 20 1
130 772 22 20 1
1023 349 31 20 1
774 1870 36 20 1
350 1911 28 20 1
182 279 31 20 1
910 464 28 20 1
1612 344 37 20 1
605 1645 26 20 1
1949 1705 20 20 1
1970 1417 23 20 1
951 1835 34 20 1
637 486 26 20 1
197 1560 34 20 1
1090 545 36 20 1
1249 1527 36 20 1
223 1379 27 20 1
299 1246 33 20 1
1728 1073 22 20 1
1117 79 27 20 1
985 1299 38 20 1
358 1896 26 20 1
1764 1970 30 20 1
240 370 20 20 1
1616 190 38 20 1
75 1586 31 20 1
1608 1027 22 20 1
1422 245 21 20 1
1514 1619 26 20 1
1806 604 22 20 1
164 1055 26 20 1
131 388 22 20 1
434 430 25 20 1
1635 163 37 20 1
1504 752 38 20 1
242 489 33 20 1
52 600 29 20 1
386 1816 27 20 1
571 627 31 20 1
186 187 36 20 1
817 262 27 20 1
1773 425 34 20 1
1289 1196 30 20 1
671 804 34 20 1
815 477 28 20 1
1408 980 27 20 1
1532 1539 31 20 1
1368 1967 36 20 1
1969 1003 21 20 1
130 1474 34 20 1
1756 373 24 20 1
1964 1808 20 20 1
974 350 20 20 1
1625 1545 34 20 1
977 1811 20 20 1
1733 1795 39 20 1
74 1507 25 20 1
220 1364 23 20 1
703 892 20 20 1
168 1518 32 20 1
1369 1576 25 20 1
499 902 27 20 1
1116 1867 34 20 1
869 1085 30 20 1
871 1000 24 20 1
560 627 32 20 1
1373 524 24 20 1
436 348 34 20 1
874 61 20 20 1
1893 1852 35 20 1
1873 1626 30 20 1
1647 1947 27 20 1
1133 1868 29 20 1
1311 1836 21 20 1
760 1480 22 20 1
1355 130 38 20 1
1056 1854 29 20 1
1032 172 33 20 1
1722 1901 35 20 1
1258 594 30 20 1
902 1818 27 20 1
1221 276 39 20 1
342 1658 30 20 1
624 1217 28 20 1
1719 518 34 20 1
1069 1592 31 20 1
144 717 28 20 1
1540 1278 20 20 1
586 851 34 20 1
1115 1346 28 20 1
331 471 32 20 1
1476 1388 20 20 1
326 508 36 20 1
1561 48 27 20 1
410 819 31 20 1
642 1313 21 20 1
638 1864 20 20 1
1589 981 35 20 1
1522 213 35 20 1
198 1242 20 20 1
731 1268 30 20 1
834 876 26 20 1
1986 374 28 20 1
155 572 20 20 1
1226 1270 28 20 1
1919 1558 31 20 1
1742 1395 38 20 1
946 68 37 20 1
1904 507 25 20 1
116 315 34 20 1
1327 759 27 20 1
1628 1966 33 20 1
624 1218 34 20 1
947 147 38 20 1
1432 1146 21 20 1
1389 164 28 20 1
415 223 30 20 1
1041 401 29 20 1
598 1196 28 20 1
974 1824 25 20 1
467 893 38 20 1
1383 209 21 20 1
288 329 25 20 1
277 193 34 20 1
837 394 29 20 1
509 165 37 20 1
1154 138 36 20 1
131 1778 30 20 1
1356 1078 32 20 1
1925 788 31 20 1
225 1314 30 20 1
953 640 23 20 1
1538 1994 38 20 1
1041 136 39 20 1
1190 15 23 20 1
1961 1658 26 20 1
909 1344 30 20 1
1867 1197 22 20 1
1674 145 24 20 1
1391 512 35 20 1
540 1900 37 20 1
677 1694 32 20 1
38 808 28 20 1
1473 1395 31 20 1
1887 1398 30 20 1
184 112 30 20 1
713 1137 39 20 1
753 252 21 20 1
1131 1795 20 20 1
388 322 28 20 1
1811 350 26 20 1
1980 720 39 20 1
1695 1848 30 20 1
1918 1369 32 20 1
1993 1309 34 20 1
1882 534 39 20 1
1210 559 29 20 1
228 1248 30 20 1
1368 1701 30 20 1
643 1255 22 20 1
1100 827 22 20 1
1368 1814 20 20 1
1965 121 25 20 1
66 1096 21 20 1
1917 455 20 20 1
1419 1728 29 20 1
806 1399 27 20 1
448 501 31 20 1
1248 366 32 20 1
1871 1241 32 20 1
1675 1753 27 20 1
1775 885 29 20 1
313 4 24 20 1
134 1681 35 20 1
1706 778 21 20 1
937 807 35 20 1
1606 306 26 20 1
621 1571 20 20 1
428 688 36 20 1
668 345 27 20 1
1143 87 29 20 1
73 1949 22 20 1
1487 521 26 20 1
451 735 39 20 1
888 323 35 20 1
1977 563 21 20 1
76 1753 39 20 1
1449 390 24 20 1
1757 1584 31 20 1
71 1463 29 20 1
362 1009 26 20 1
271 1968 34 20 1
1315 892 30 20 1
1540 1743 32 20 1
1580 208 35 20 1
89 724 31 20 1
296 162 22 20 1
674 1783 22 20 1
684 1125 22 20 1
519 1572 34 20 1
1449 496 34 20 1
136 1525 29 20 1
249 1585 24 20 1
1915 7 39 20 1
1170 1987 25 20 1
1471 1532 25 20 1
996 1742 34 20 1
1501 312 31 20 1
635 1042 26 20 1
56 216 30 20 1
1251 145 38 20 1
940 1547 35 20 1
307 1615 33 20 1
1331 992 25 20 1
741 1851 35 20 1
564 190 28 20 1
347 700 26 20 1
1716 597 35 20 1
286 1632 33 20 1
605 1456 38 20 1
1619 76 25 20 1
989 616 20 20 1
1818 491 32 20 1
928 454 36 20 1
1533 984 32 20 1
670 784 27 20 1
1129 1611 27 20 1
331 1437 34 20 1
1226 1663 30 20 1
429 1967 30 20 1
1514 994 29 20 1
158 1862 25 20 1
1694 1874 39 20 1
460 1980 33 20 1
1506 1065 24 20 1
1437 1125 24 20 1
1141 426 38 20 1
1741 960 38 20 1
917 670 36 20 1
1414 450 25 20 1
1655 85 29 20 1
1235 785 35 20 1
1696 1567 21 20 1
222 922 23 20 1
1230 652 20 20 1
890 744 36 20 1
1647 1048 32 20 1
607 1341 27 20 1
922 1067 32 20 1
1322 428 26 20 1
132 759 25 20 1
1554 1274 38 20 1
1186 1296 26 20 1
235 103 37 20 1
1966 1650 34 20 1
554 1621 39 20 1
1735 1789 25 20 1
406 1431 22 20 1
1356 629 33 20 1
354 587 35 20 1
1282 1244 32 20 1
1332 929 23 20 1
293 1939 20 20 1
271 1215 31 20 1
1006 1594 36 20 1
1644 1139 24 20 1
353 1199 36 20 1
414 1540 35 20 1
495 649 23 20 1
1643 462 32 20 1
300 198 20 20 1
84 35 33 20 1
1988 491 28 20 1
1467 1344 21 20 1
1120 1821 36 20 1
1931 403 29 20 1
1066 1263 38 20 1
1333 1359 29 20 1
1203 1604 36 20 1
575 210 31 20 1
1198 220 35 20 1
1349 1552 22 20 1
1419 1764 29 20 1
1092 1914 21 20 1
413 736 20 20 1
376 713 24 20 1
935 461 20 20 1
749 923 25 20 1
952 216 26 20 1
267 73 34 20 1
38 199 20 20 1
476 1105 38 20 1
1463 1809 38 20 1
465 667 20 20 1
1414 1040 30 20 1
877 612 34 20 1
1260 226 25 20 1
165 680 26 20 1
1990 1258 30 20 1
594 404 28 20 1
1994 971 39 20 1
1118 930 31 20 1
1432 1868 21 20 1
1853 385 27 20 1
85 120 33 20 1
458 124 38 20 1
320 934 36 20 1
1229 1784 32 20 1
744 1694 27 20 1
451 158 33 20 1
735 1328 23 20 1
771 1996 22 20 1
1555 936 36 20 1
676 1546 33 20 1
194 1271 24 20 1
1951 189 36 20 1
243 1070 37 20 1
1119 1676 25 20 1
938 972 21 20 1
61 1023 24 20 1
1093 519 20 20 1
1147 1414 22 20 1
1454 376 22 20 1
1198 198 38 20 1
71 1650 23 20 1
356 807 33 20 1
978 1127 32 20 1
804 534 28 20 1
64 1481 39 20 1
81 258 23 20 1
753 32 37 20 1
448 996 39 20 1
1102 1568 35 20 1
672 40 39 20 1
541 734 26 20 1
1064 1634 28 20 1
1253 211 37 20 1
1049 707 23 20 1
588 248 21 20 1
906 660 25 20 1
1898 1262 37 20 1
1467 877 25 20 1
390 272 28 20 1
1412 454 33 20 1
1753 1493 38 20 1
713 507 32 20 1
1525 1161 29 20 1
1503 628 36 20 1
730 176 38 20 1
669 1271 31 20 1
910 1733 20 20 1
906 164 38 20 1
1944 1955 33 20 1
872 533 23 20 1
203 1778 36 20 1
1193 102 37 20 1
1041 661 36 20 1
979 1432 29 20 1
933 392 25 20 1
1886 687 36 20 1
1885 600 33 20 1
1195 1411 23 20 1
1762 698 35 20 1
39 492 28 20 1
875 708 22 20 1
1763 1786 22 20 1
442 670 36 20 1
1950 387 39 20 1
625 823 25 20 1
920 829 38 20 1
602 113 25 20 1
932 1644 23 20 1
775 1912 23 20 1
1076 1709 33 20 1
304 963 36 20 1
396 189 22 20 1
1563 1592 26 20 1
1600 1325 26 20 1
290 1640 38 20 1
1817 1166 24 20 1
349 1581 37 20 1
952 791 39 20 1
252 902 23 20 1
1178 877 31 20 1
1726 99 23 20 1
1707 328 39 20 1
212 639 29 20 1
1972 987 20 20 1
551 1049 28 20 1
697 856 34 20 1
12 1094 36 20 1
1045 1575 21 20 1
686 646 37 20 1
901 976 32 20 1
287 719 30 20 1
142 636 39 20 1
301 1095 34 20 1
1428 553 27 20 1
1997 607 39 20 1
1431 1724 20 20 1
706 1138 25 20 1
53 919 24 20 1
1778 25 24 20 1
1906 330 28 20 1
1075 603 38 20 1
1186 1087 20 20 1
1698 232 30 20 1
663 384 24 20 1
878 1565 26 20 1
1360 1165 29 20 1
285 1503 29 20 1
1802 586 24 20 1
598 1230 28 20 1
1139 596 32 20 1
1838 571 36 20 1
320 544 32 20 1
1710 373 31 20 1
1463 1488 25 20 1
399 1370 32 20 1
1819 1475 20 20 1
1974 1006 20 20 1
563 1672 29 20 1
1238 1226 22 20 1
56 117 38 20 1
792 1417 21 20 1
1283 1077 32 20 1
921 1086 38 20 1
1663 1519 36 20 1
317 803 39 20 1
116 155 38 20 1
1374 437 37 20 1
699 1084 25 20 1
811 162 22 20 1
573 1211 21 20 1
1533 393 33 20 1
686 1507 20 20 1
1399 1249 22 20 1
1179 638 24 20 1
476 1236 25 20 1
755 1268 29 20 1
653 39 33 20 1
346 1574 34 20 1
1125 10 34 20 1
1094 1442 22 20 1
813 1211 26 20 1
1597 188 31 20 1
1648 296 34 20 1
1273 460 38 20 1
459 1847 36 20 1
1671 1993 26 20 1
240 358 39 20 1
1500 1640 37 20 1
1607 680 35 20 1
278 84 21 20 1
1916 1034 36 20 1
1353 570 37 20 1
1073 1699 34 20 1
145 198 34 20 1
1709 1240 34 20 1
1640 523 34 20 1
451 1238 33 20 1
711 100 32 20 1
1535 1985 39 20 1
560 1994 35 20 1
1832 232 34 20 1
1987 73 33 20 1
590 1488 36 20 1
1713 198 36 20 1
168 1991 37 20 1
282 85 22 20 1
1025 1635 25 20 1
656 98 31 20 1
1335 802 36 20 1
297 1044 20 20 1
42 1938 33 20 1
1567 493 23 20 1
1176 279 31 20 1
594 711 28 20 1
264 1154 22 20 1
705 97 28 20 1
1387 693 34 20 1
170 1977 21 20 1
182 1883 25 20 1
175 351 30 20 1
1875 458 23 20 1
437 900 22 20 1
94 1093 28 20 1
999 1429 38 20 1
1895 1297 36 20 1
473 1938 22 20 1
1235 41 32 20 1
431 411 29 20 1
320 1026 35 20 1
1122 585 32 20 1
181 1828 25 20 1
682 1568 29 20 1
522 852 26 20 1
1545 704 22 20 1
736 1721 25 20 1
1055 611 23 20 1
180 1492 25 20 1
1512 274 31 20 1
586 512 35 20 1
1703 481 22 20 1
1809 177 31 20 1
419 1044 29 20 1
218 851 25 20 1
1456 539 22 20 1
1878 578 37 20 1
1124 59 27 20 1
407 1807 30 20 1
1627 929 31 20 1
659 1173 29 20 1
1634 1396 36 20 1
895 689 22 20 1
7 1075 32 20 1
182 1520 38 20 1
1349 768 30 20 1
33 1053 31 20 1
1250 1842 35 20 1
1230 1670 33 20 1
887 1448 23 20 1
522 344 25 20 1
1987 400 28 20 1
922 1112 36 20 1
459 1330 31 20 1
919 87 38 20 1
260 1579 22 20 1
1260 1894 33 20 1
975 155 23 20 1
584 983 26 20 1
1231 766 38 20 1
504 581 35 20 1
1535 537 21 20 1
1634 786 20 20 1
380 864 27 20 1
456 1268 31 20 1
312 979 26 20 1
1612 300 29 20 1
1379 535 28 20 1
1413 1839 34 20 1
1865 332 20 20 1
1926 125 20 20 1
1912 1187 24 20 1
20 888 36 20 1
1343 604 22 20 1
1872 574 36 20 1
1371 376 35 20 1
1155 906 33 20 1
914 789 28 20 1
1693 1295 30 20 1
1653 149 27 20 1
563 1966 31 20 1
1129 175 35 20 1
267 508 36 20 1
710 1680 28 20 1
348 576 26 20 1
13 274 34 20 1
702 1925 30 20 1
1462 722 20 20 1
814 805 38 20 1
1327 686 36 20 1
1379 698 39 20 1
1063 535 34 20 1
1605 1978 38 20 1
1325 1298 20 20 1
1273 978 21 20 1
1448 1836 29 20 1
945 577 26 20 1
12 1212 30 20 1
1086 723 38 20 1
893 1434 21 20 1
1299 906 31 20 1
1709 2 38 20 1
832 1171 25 20 1
724 1646 28 20 1
1976 51 21 20 1
333 1356 22 20 1
749 1396 23 20 1
1891 355 35 20 1
1374 1216 30 20 1
1653 648 33 20 1
195 1102 23 20 1
484 1141 22 20 1
1679 496 29 20 1
354 765 39 20 1
1220 1247 30 20 1
200 519 35 20 1
154 1909 34 20 1
521 987 20 20 1
1080 1246 35 20 1
633 1057 33 20 1
1298 967 37 20 1
413 48 35 20 1
363 304 27 20 1
403 1738 36 20 1
1521 57 35 20 1
386 1717 28 20 1
1159 871 26 20 1
858 839 21 20 1
1368 1213 39 20 1
1605 588 24 20 1
460 1805 23 20 1
1108 615 31 20 1
1714 1629 23 20 1
1602 795 28 20 1
876 236 39 20 1
1852 174 24 20 1
1203 266 30 20 1
222 1567 22 20 1
571 626 20 20 1
1305 92 21 20 1
683 1692 36 20 1
1810 1842 23 20 1
563 668 23 20 1
681 1931 25 20 1
1881 286 23 20 1
519 342 33 20 1
92 1627 21 20 1
958 1807 37 20 1
1257 561 34 20 1
602 134 36 20 1
797 455 31 20 1
308 1 32 20 1
721 531 32 20 1
1568 1292 39 20 1
1157 873 28 20 1
1385 1841 27 20 1
566 1195 28 20 1
1684 1129 35 20 1
1864 365 29 20 1
1061 1746 27 20 1
652 1580 20 20 1
89 744 32 20 1
1208 1047 39 20 1
552 466 23 20 1
1609 1154 20 20 1
600 406 38 20 1
1610 909 28 20 1
407 332 31 20 1
1440 1975 21 20 1
1625 598 28 20 1
849 1010 33 20 1
440 1415 37 20 1
206 124 32 20 1
545 70 36 20 1
489 1606 22 20 1
1817 1142 35 20 1
1187 1906 30 20 1
1887 395 23 20 1
954 439 33 20 1
861 563 24 20 1
1594 1461 20 20 1
970 1205 24 20 1
371 1378 36 20 1
1537 1812 33 20 1
1353 1163 23 20 1
410 203 25 20 1
173 850 20 20 1
1619 380 31 20 1
975 165 21 20 1
451 1465 29 20 1
1771 268 39 20 1
607 958 21 20 1
175 495 22 20 1
1354 1129 39 20 1
934 216 25 20 1
1693 529 23 20 1
1678 663 37 20 1
1734 49 33 20 1
41 1271 34 20 1
1861 1395 39 20 1
434 272 22 20 1
1599 608 28 20 1
1123 1219 36 20 1
989 98 34 20 1
1384 1440 24 20 1
1563 1156 39 20 1
1709 171 30 20 1
115 1884 34 20 1
666 1469 23 20 1
1014 1600 24 20 1
1685 707 39 20 1
129 1363 24 20 1
1371 1863 29 20 1
1413 1413 36 20 1
1135 1274 37 20 1
809 1570 32 20 1
1546 409 22 20 1
179 669 38 20 1
1628 1169 24 20 1
768 1013 23 20 1
609 331 28 20 1
169 318 24 20 1
502 285 24 20 1
202 1168 30 20 1
1754 1217 23 20 1
769 1440 30 20 1
1925 899 33 20 1
804 1296 21 20 1
763 217 23 20 1
710 1899 28 20 1
1491 1520 20 20 1
1470 1038 26 20 1
1929 1649 36 20 1
1708 1558 37 20 1
818 476 21 20 1
572 1428 21 20 1
807 742 37 20 1
1747 1310 31 20 1
1027 1950 35 20 1
479 781 21 20 1
1167 1248 35 20 1
222 1092 34 20 1
148 1026 26 20 1
389 911 24 20 1
1243 1099 31 20 1
810 735 23 20 1
619 281 37 20 1
1773 549 33 20 1
1931 1481 22 20 1
108 749 22 20 1
1957 680 36 20 1
178 765 30 20 1
1422 1925 27 20 1
76 449 21 20 1
1875 555 20 20 1
1231 1043 31 20 1
1804 1453 31 20 1
135 1953 34 20 1
480 524 32 20 1
864 1723 35 20 1
1624 1675 23 20 1
459 244 33 20 1
1956 232 21 20 1
793 1887 39 20 1
1714 902 31 20 1
637 1672 22 20 1
1582 816 20 20 1
438 1005 28 20 1
741 514 34 20 1
1454 617 36 20 1
1070 686 30 20 1
1660 875 30 20 1
140 1795 31 20 1
828 620 36 20 1
320 1692 34 20 1
344 1944 22 20 1
1368 803 20 20 1
188 1325 32 20 1
1036 982 36 20 1
1212 751 22 20 1
1884 1850 35 20 1
423 1467 33 20 1
666 862 33 20 1
472 1408 22 20 1
1376 1927 34 20 1
26 447 34 20 1
613 1686 33 20 1
1322 753 26 20 1
1482 150 28 20 1
1374 1802 25 20 1
1843 1718 22 20 1
1747 1211 31 20 1
522 1935 39 20 1
536 1558 23 20 1
918 1749 31 20 1
310 802 31 20 1
1600 734 26 20 1
269 266 32 20 1
1596 741 20 20 1
1675 973 20 20 1
669 1701 28 20 1
1420 1282 30 20 1
1387 742 31 20 1
36 870 39 20 1
892 1411 26 20 1
673 736 25 20 1
1129 420 22 20 1
1947 1652 27 20 1
356 484 38 20 1
1211 1274 38 20 1
234 1521 29 20 1
76 1834 33 20 1
255 346 31 20 1
100 1851 23 20 1
1088 1776 35 20 1
824 1757 26 20 1
1477 245 37 20 1
1040 865 28 20 1
987 1077 33 20 1
1735 1880 26 20 1
488 409 34 20 1
616 1617 35 20 1
829 564 38 20 1
1270 1185 34 20 1
1049 481 39 20 1
459 1283 29 20 1
2 536 25 20 1
1117 258 26 20 1
882 1218 22 20 1
109 1971 25 20 1
994 934 27 20 1
1728 471 30 20 1
1179 769 36 20 1
1337 167 38 20 1
1846 1073 30 20 1
48 334 23 20 1
1482 665 24 20 1
1952 311 32 20 1
1229 1222 30 20 1
1497 278 22 20 1
1704 1957 31 20 1
1561 1706 20 20 1
493 679 36 20 1
1965 1376 22 20 1
1897 75 23 20 1
1347 891 31 20 1
1009 1076 28 20 1
1363 189 21 20 1
1846 701 20 20 1
357 1692 22 20 1
1774 405 27 20 1
27 1256 35 20 1
1070 1979 37 20 1
1568 300 26 20 1
1202 1065 29 20 1
578 906 36 20 1
1022 140 36 20 1
613 1515 35 20 1
820 578 22 20 1
892 717 38 20 1
653 240 21 20 1
1609 1663 29 20 1
1317 973 28 20 1
1853 1163 37 20 1
1674 210 27 20 1
855 1448 38 20 1
616 882 20 20 1
704 1686 31 20 1
862 272 31 20 1
1987 64 30 20 1
1338 565 34 20 1
971 360 22 20 1
706 1584 31 20 1
1876 1526 30 20 1
162 768 25 20 1
244 816 34 20 1
1008 1853 22 20 1
479 326 34 20 1
826 333 35 20 1
1489 501 22 20 1
543 345 36 20 1
1949 1159 23 20 1
1228 654 38 20 1
846 90 33 20 1
927 833 29 20 1
155 265 28 20 1
1399 1126 30 20 1
625 106 25 20 1
710 501 23 20 1
1633 873 33 20 1
1269 1877 24 20 1
1689 278 25 20 1
1731 169 23 20 1
604 557 32 20 1
502 94 22 20 1
1058 1046 31 20 1
439 1008 31 20 1
206 1667 23 20 1
1662 1052 23 20 1
1758 589 23 20 1
1886 1913 34 20 1
854 1286 37 20 1
1039 1480 25 20 1
1392 1750 25 20 1
1981 1025 28 20 1
624 1251 31 20 1
903 313 20 20 1
1530 634 30 20 1
483 134 25 20 1
1192 985 36 20 1
229 251 33 20 1
31 668 21 20 1
1259 237 20 20 1
336 922 31 20 1
1290 94 35 20 1
1511 1177 29 20 1
8 366 39 20 1
463 1048 26 20 1
1846 1856 35 20 1
799 1828 23 20 1
881 1423 39 20 1
1079 1784 39 20 1
1737 609 28 20 1
419 220 22 20 1
744 1611 32 20 1
1205 973 31 20 1
1862 1237 34 20 1
1642 1121 24 20 1
1475 1979 34 20 1
43 766 37 20 1
74 1555 27 20 1
1943 82 29 20 1
1922 407 34 20 1
1131 1769 33 20 1
263 1930 34 20 1
1597 1145 23 20 1
1353 676 24 20 1
930 1090 35 20 1
1285 1349 33 20 1
1311 30 30 20 1
960 516 31 20 1
1004 822 26 20 1
1754 646 32 20 1
1944 1230 31 20 1
626 1988 37 20 1
1996 700 28 20 1
1544 1939 21 20 1
783 1466 37 20 1
347 1915 34 20 1
1235 610 37 20 1
1845 832 20 20 1
1755 1199 34 20 1
1509 685 37 20 1
290 795 29 20 1
35 1602 37 20 1
825 995 29 20 1
119 1829 20 20 1
1818 1873 31 20 1
476 1762 33 20 1
1103 1103 35 20 1
1751 1100 28 20 1
1803 1295 21 20 1
1040 587 24 20 1
762 1387 23 20 1
502 1997 34 20 1
1997 348 38 20 1
830 1753 26 20 1
1548 339 39 20 1
439 1839 33 20 1
1134 474 39 20 1
1441 1960 29 20 1
1470 1561 25 20 1
1790 1288 26 20 1
1434 267 22 20 1
1051 538 36 20 1
1370 803 24 20 1
1638 1174 30 20 1
98 678 37 20 1
1762 860 21 20 1
66 265 24 20 1
858 63 35 20 1
614 1688 22 20 1
1817 163 38 20 1
28 256 32 20 1
2 1163 31 20 1
731 1444 35 20 1
1123 201 21 20 1
1005 914 31 20 1
1490 440 26 20 1
1181 542 35 20 1
979 552 26 20 1
1345 617 35 20 1
1726 1443 36 20 1
1296 1488 31 20 1
304 1362 38 20 1
1753 1162 31 20 1
1426 368 30 20 1
851 1243 25 20 1
531 879 30 20 1
1500 534 24 20 1
42 232 25 20 1
1978 1166 20 20 1
434 984 29 20 1
80 1924 31 20 1
1425 1262 22 20 1
466 404 26 20 1
1814 1812 35 20 1
1022 1541 32 20 1
1256 318 24 20 1
1030 1560 37 20 1
1681 784 37 20 1
723 1107 39 20 1
1152 1574 39 20 1
351 1683 35 20 1
454 1852 31 20 1
217 496 30 20 1
84 196 31 20 1
1663 518 33 20 1
1181 1744 22 20 1
443 606 38 20 1
1007 909 28 20 1
1011 821 29 20 1
722 33 33 20 1
363 1978 25 20 1
352 1393 20 20 1
1538 33 32 20 1
178 261 37 20 1
1140 1330 31 20 1
1836 1492 37 20 1
1013 290 27 20 1
1344 1231 35 20 1
787 1428 22 20 1
1428 451 28 20 1
1947 609 24 20 1
195 390 34 20 1
1216 1202 31 20 1
1300 228 31 20 1
24 22 29 20 1
261 388 24 20 1
0 613 35 20 1
1781 1539 27 20 1
646 1959 21 20 1
1801 1787 34 20 1
1290 1637 26 20 1
1280 304 36 20 1
1927 624 25 20 1
1535 715 37 20 1
53 964 28 20 1
1166 0 38 20 1
1573 1362 39 20 1
390 790 26 20 1
564 1690 27 20 1
1018 589 29 20 1
1712 1280 20 20 1
977 1712 33 20 1
1893 759 30 20 1
1252 540 33 20 1
719 1053 30 20 1
328 9 21 20 1
690 1608 30 20 1
314 618 38 20 1
233 1850 37 20 1
1334 286 33 20 1
814 500 26 20 1
286 388 22 20 1
1862 676 27 20 1
1178 427 37 20 1
367 197 33 20 1
1017 79 37 20 1
1477 1994 21 20 1
1792 1371 28 20 1
754 1044 24 20 1
1912 1473 23 20 1
97 241 22 20 1
1483 788 31 20 1
1850 1797 20 20 1
1407 83 28 20 1
1647 741 28 20 1
369 461 28 20 1
1242 656 27 20 1
850 1104 28 20 1
1332 28 35 20 1
1532 1699 35 20 1
226 549 37 20 1
1779 1704 35 20 1
544 1571 28 20 1
1075 1298 28 20 1
616 988 28 20 1
772 714 38 20 1
1229 255 30 20 1
1503 1079 39 20 1
53 910 36 20 1
1163 1701 27 20 1
1652 1532 33 20 1
163 894 22 20 1
188 1013 29 20 1
1998 1521 21 20 1
1042 1531 20 20 1
1221 1268 22 20 1
80 1000 38 20 1
972 624 22 20 1
572 48 30 20 1
1923 1189 23 20 1
1036 695 25 20 1
1904 266 33 20 1
951 1407 34 20 1
1345 1004 25 20 1
317 509 22 20 1
705 1970 23 20 1
41 869 33 20 1
864 230 30 20 1
1882 863 31 20 1
1752 924 29 20 1
394 973 25 20 1
193 474 29 20 1
1974 1165 24 20 1
1099 547 33 20 1
1214 1022 37 20 1
1736 250 33 20 1
1717 1640 31 20 1
517 668 27 20 1
1047 1863 32 20 1
1673 1365 27 20 1
372 379 34 20 1
1335 413 26 20 1
1248 200 30 20 1
644 1130 24 20 1
1063 396 27 20 1
55 1457 30 20 1
1370 248 26 20 1
1932 1344 25 20 1
1414 1031 33 20 1
1891 628 37 20 1
53 1628 29 20 1
879 1771 39 20 1
1268 1396 30 20 1
439 316 24 20 1
1259 113 24 20 1
1682 1631 33 20 1
492 1018 27 20 1
45 1740 38 20 1
1218 689 23 20 1
870 282 38 20 1
1085 925 27 20 1
1739 455 28 20 1
1174 1671 28 20 1
1800 588 32 20 1
702 1692 21 20 1
1216 756 26 20 1
1320 95 25 20 1
527 589 33 20 1
1492 967 34 20 1
905 751 38 20 1
1080 588 20 20 1
382 1572 29 20 1
1607 427 24 20 1
1312 826 31 20 1
1117 183 33 20 1
1108 203 32 20 1
1109 847 22 20 1
659 283 39 20 1
518 459 38 20 1
871 1221 35 20 1
151 88 36 20 1
1977 1472 27 20 1
183 505 34 20 1
61 1676 27 20 1
1472 966 31 20 1
427 552 39 20 1
1555 810 20 20 1
125 1162 39 20 1
1238 1437 38 20 1
1988 355 24 20 1
1621 1097 37 20 1
559 730 25 20 1
1944 1218 32 20 1
1014 463 26 20 1
1678 1885 38 20 1
1685 1830 34 20 1
1973 1663 32 20 1
1302 157 24 20 1
168 1363 27 20 1
1834 1640 27 20 1
330 261 23 20 1
193 1885 28 20 1
1072 318 36 20 1
1048 310 28 20 1
1755 1037 39 20 1
666 1377 29 20 1
134 1225 20 20 1
108 79 21 20 1
444 1122 29 20 1
542 122 38 20 1
1008 228 37 20 1
1952 981 25 20 1
1891 1254 26 20 1
1139 59 31 20 1
618 974 33 20 1
1700 948 37 20 1
1235 1893 31 20 1
833 307 33 20 1
211 1882 36 20 1
618 1967 29 20 1
919 1284 37 20 1
1344 1054 34 20 1
510 1452 35 20 1
1133 954 30 20 1
575 1676 21 20 1
1076 1583 33 20 1
1904 1029 25 20 1
565 1796 34 20 1
284 1705 38 20 1
1855 902 32 20 1
679 1555 21 20 1
1850 1914 21 20 1
1449 684 21 20 1
222 1660 37 20 1
566 840 29 20 1
1628 1486 20 20 1
125 973 26 20 1
541 635 30 20 1
425 1675 22 20 1
1590 1001 36 20 1
1352 666 28 20 1
584 1256 39 20 1
1696 1149 21 20 1
1053 1980 34 20 1
854 908 30 20 1
882 1533 34 20 1
464 733 32 20 1
1448 1913 21 20 1
1418 1671 28 20 1
1574 1984 29 20 1
512 1202 31 20 1
1471 637 26 20 1
175 13 24 20 1
1273 601 26 20 1
1688 863 37 20 1
1602 1040 25 20 1
1530 187 39 20 1
297 1226 22 20 1
1336 1350 39 20 1
1207 191 38 20 1
259 90 35 20 1
1725 723 21 20 1
823 1173 39 20 1
637 241 36 20 1
845 212 38 20 1
226 1357 29 20 1
1414 1698 36 20 1
1995 1590 25 20 1
1711 1269 39 20 1
191 1399 38 20 1
132 1794 21 20 1
440 1663 28 20 1
1981 737 37 20 1
890 1318 23 20 1
88 97 23 20 1
1509 347 28 20 1
187 1234 38 20 1
1071 1011 36 20 1
408 1709 30 20 1
1252 1253 26 20 1
1921 1479 25 20 1
610 1336 21 20 1
1177 606 33 20 1
926 888 30 20 1
1875 1118 27 20 1
288 7 30 20 1
912 729 36 20 1
1671 894 27 20 1
1466 561 32 20 1
212 1555 35 20 1
659 1722 25 20 1
1902 846 27 20 1
956 974 36 20 1
1857 1365 25 20 1
684 1110 24 20 1
618 605 35 20 1
589 1229 34 20 1
1941 1766 20 20 1
1835 868 20 20 1
655 1710 34 20 1
1986 944 39 20 1
1718 899 22 20 1
1673 1389 22 20 1
1793 1140 37 20 1
1951 6 25 20 1
696 610 25 20 1
1728 598 25 20 1
1457 685 24 20 1
1573 1315 21 20 1
50 257 36 20 1
425 668 30 20 1
863 1014 27 20 1
1898 805 37 20 1
781 1733 24 20 1
1673 1437 37 20 1
1443 1659 25 20 1
382 1162 34 20 1
558 56 33 20 1
552 352 33 20 1
1196 503 27 20 1
358 1893 29 20 1
1114 87 39 20 1
491 571 35 20 1
772 65 26 20 1
1886 822 24 20 1
323 312 39 20 1
1491 1186 22 20 1
1327 1389 38 20 1
1991 109 20 20 1
1123 1665 22 20 1
1546 567 33 20 1
1324 1929 20 20 1
1729 1883 25 20 1
1985 281 35 20 1
235 1182 37 20 1
785 594 31 20 1
1075 1899 21 20 1
681 1567 23 20 1
471 1454 35 20 1
1633 357 23 20 1
277 1956 39 20 1
669 1768 26 20 1
1143 1997 31 20 1
1158 1135 37 20 1
106 281 30 20 1
800 1652 28 20 1
848 125 23 20 1
1582 578 25 20 1
8 1567 22 20 1
859 244 36 20 1
750 1644 33 20 1
838 1825 32 20 1
1544 1520 35 20 1
1393 15 29 20 1
974 1026 38 20 1
372 1251 39 20 1
983 1042 29 20 1
1020 126 20 20 1
1039 178 38 20 1
1262 1145 29 20 1
460 62 23 20 1
798 1309 32 20 1
187 381 29 20 1
1887 196 29 20 1
1948 747 27 20 1
440 699 27 20 1
392 1278 20 20 1
524 1936 29 20 1
798 1918 30 20 1
1951 1772 35 20 1
944 324 33 20 1
1024 1927 30 20 1
1367 44 21 20 1
54 407 24 20 1
223 1316 28 20 1
1553 684 32 20 1
1379 352 33 20 1
1993 1566 31 20 1
733 1881 37 20 1
1762 682 36 20 1
628 202 27 20 1
1381 1021 31 20 1
1481 1906 28 20 1
957 280 23 20 1
1824 909 20 20 1
52 769 27 20 1
1234 1077 23 20 1
697 601 29 20 1
1121 751 28 20 1
1009 1345 22 20 1
68 562 39 20 1
29 1447 32 20 1
914 23 34 20 1
1014 1648 29 20 1
1904 777 21 20 1
330 533 22 20 1
980 1712 36 20 1
1554 461 22 20 1
1618 512 31 20 1
741 1442 26 20 1
1421 794 37 20 1
211 655 25 20 1
1871 908 37 20 1
1257 993 39 20 1
1660 266 29 20 1
338 1728 25 20 1
828 368 32 20 1
1176 1743 23 20 1
391 190 36 20 1
1392 295 30 20 1
967 1722 39 20 1
828 1947 24 20 1
1435 383 21 20 1
409 1053 27 20 1
895 1150 28 20 1
495 317 22 20 1
1945 707 34 20 1
972 1817 31 20 1
1616 229 31 20 1
811 1277 23 20 1
495 1149 33 20 1
1006 1324 31 20 1
1517 182 35 20 1
1068 1908 28 20 1
372 460 20 20 1
204 1340 37 20 1
183 1033 30 20 1
1288 1618 36 20 1
1416 1697 39 20 1
672 312 22 20 1
848 1168 23 20 1
629 794 37 20 1
1875 1602 27 20 1
611 1492 20 20 1
1831 1422 37 20 1
769 327 37 20 1
572 1775 25 20 1
1652 90 29 20 1
1958 720 20 20 1
1999 331 22 20 1
1181 203 39 20 1
1671 1365 39 20 1
1237 960 27 20 1
984 654 21 20 1
657 1656 27 20 1
966 1506 35 20 1
824 1596 24 20 1
300 700 22 20 1
1198 912 26 20 1
193 1029 35 20 1
335 963 25 20 1
1357 907 20 20 1
738 1009 27 20 1
998 697 21 20 1
1730 997 28 20 1
1028 911 27 20 1
1201 700 38 20 1
277 438 39 20 1
1660 1261 23 20 1
1093 318 37 20 1
917 59 21 20 1
1824 1742 27 20 1
1656 125 34 20 1
442 854 29 20 1
1037 636 27 20 1
1884 1373 31 20 1
1599 1241 26 20 1
281 338 33 20 1
251 1279 21 20 1
1035 1981 27 20 1
277 63 36 20 1
893 1479 21 20 1
763 1170 26 20 1
1918 424 23 20 1
431 1011 23 20 1
742 1349 34 20 1
1071 566 38 20 1
1091 727 27 20 1
692 1534 36 20 1
1582 1730 25 20 1
170 1466 23 20 1
1103 1770 21 20 1
708 1384 26 20 1
108 959 30 20 1
664 1143 22 20 1
941 941 35 20 1
1207 1834 37 20 1
420 1971 21 20 1
1004 338 34 20 1
395 1436 21 20 1
1350 1137 38 20 1
786 421 36 20 1
1704 1878 28 20 1
1148 396 33 20 1
1413 731 25 20 1
126 1584 35 20 1
197 1230 24 20 1
1354 906 32 20 1
614 1462 29 20 1
1866 1278 25 20 1
605 807 39 20 1
220 1813 25 20 1
642 640 27 20 1
1784 1647 26 20 1
979 179 29 20 1
1084 329 30 20 1
1316 1870 20 20 1
750 1021 27 20 1
1748 1899 37 20 1
1417 1161 36 20 1
630 1544 33 20 1
745 828 20 20 1
774 99 38 20 1
1734 1389 39 20 1
1561 1601 30 20 1
667 167 21 20 1
408 887 35 20 1
1980 1051 28 20 1
1528 1765 22 20 1
698 507 29 20 1
1944 1782 29 20 1
837 1261 20 20 1
1652 1587 25 20 1
282 1401 37 20 1
1487 1700 33 20 1
562 118 31 20 1
1244 1308 33 20 1
946 19 38 20 1
1407 681 23 20 1
1408 969 22 20 1
282 76 24 20 1
1137 691 23 20 1
964 1118 28 20 1
1742 492 31 20 1
883 440 29 20 1
1000 827 37 20 1
223 1837 22 20 1
89 1876 29 20 1
1424 371 25 20 1
1277 912 39 20 1
