2000 2000 20 6
204 1311 178 178 0 5
777 1545 117 117 0 3
951 1249 170 170 0 3
456 753 172 172 0 2
938 1419 187 187 0 3
481 663 90 90 0 2
628 838 108 108 0 0
233 0 168 168 0 1
101 1112 101 101 0 5
193 806 138 138 0 2
193 671 128 128 0 2
727 647 149 149 0 0
704 1249 112 112 0 3
74 199 133 133 0 1
898 876 193 193 0 0
0 887 188 188 0 2
789 489 150 150 0 4
777 1384 161 161 0 3
881 96 82 82 0 4
481 517 146 146 0 2
628 0 65 65 0 4
881 0 96 96 0 4
867 408 81 81 0 4
0 1346 173 173 0 5
188 944 84 84 0 2
212 263 117 117 0 1
889 647 80 80 0 0
891 727 77 77 0 0
204 1112 199 199 0 5
628 746 92 92 0 0
628 949 133 133 0 0
0 517 177 177 0 2
970 305 146 146 0 4
867 305 103 103 0 4
343 325 150 150 0 1
969 647 134 134 0 0
761 949 130 130 0 0
948 451 196 196 0 4
795 1079 103 103 0 0
272 944 168 168 0 2
321 671 135 135 0 2
898 1069 168 168 0 0
866 188 117 117 0 4
0 332 185 185 0 1
0 1112 101 101 0 5
403 1504 111 111 0 3
693 188 173 173 0 4
693 0 188 188 0 4
898 804 72 72 0 0
0 694 193 193 0 2
816 1249 135 135 0 3
0 123 74 74 0 1
123 110 89 89 0 1
736 796 153 153 0 0
593 1445 184 184 0 3
123 0 110 110 0 1
188 1028 71 71 0 2
403 1249 65 65 0 3
628 361 125 125 0 4
0 1213 71 71 0 5
233 168 95 95 0 1
894 1606 195 195 0 3
440 925 186 186 0 2
593 1629 179 179 0 3
628 647 99 99 0 0
207 380 136 136 0 1
753 361 114 114 0 4
628 1082 167 167 0 0
71 1213 133 133 0 5
177 517 154 154 0 2
983 164 135 135 0 4
970 781 68 68 0 0
772 1662 122 122 0 3
403 1615 190 190 0 3
403 1314 190 190 0 3
628 486 161 161 0 4
331 806 101 101 0 2
977 0 164 164 0 4
331 517 150 150 0 2
593 1249 111 111 0 3
329 168 157 157 0 1
593 1360 85 85 0 3
0 0 123 123 0 1
