2000 2000 20 6
652 1311 178 178 0 5
1652 1545 117 117 0 3
1826 1249 170 170 0 3
783 753 172 172 0 2
1813 1419 187 187 0 3
808 663 90 90 0 2
958 838 108 108 0 0
677 0 168 168 0 1
549 1112 101 101 0 5
520 806 138 138 0 2
520 671 128 128 0 2
1057 647 149 149 0 0
1579 1249 112 112 0 3
518 199 133 133 0 1
1228 876 193 193 0 0
327 887 188 188 0 2
1576 489 150 150 0 4
1652 1384 161 161 0 3
1668 96 82 82 0 4
808 517 146 146 0 2
1415 0 65 65 0 4
1668 0 96 96 0 4
1654 408 81 81 0 4
448 1346 173 173 0 5
515 944 84 84 0 2
656 263 117 117 0 1
1219 647 80 80 0 0
1221 727 77 77 0 0
652 1112 199 199 0 5
958 746 92 92 0 0
958 949 133 133 0 0
327 517 177 177 0 2
1757 305 146 146 0 4
1654 305 103 103 0 4
787 325 150 150 0 1
1299 647 134 134 0 0
1091 949 130 130 0 0
1735 451 196 196 0 4
1125 1079 103 103 0 0
599 944 168 168 0 2
648 671 135 135 0 2
1228 1069 168 168 0 0
1653 188 117 117 0 4
444 332 185 185 0 1
448 1112 101 101 0 5
1278 1504 111 111 0 3
1480 188 173 173 0 4
1480 0 188 188 0 4
1228 804 72 72 0 0
327 694 193 193 0 2
1691 1249 135 135 0 3
444 123 74 74 0 1
567 110 89 89 0 1
1066 796 153 153 0 0
1468 1445 184 184 0 3
567 0 110 110 0 1
515 1028 71 71 0 2
1278 1249 65 65 0 3
1415 361 125 125 0 4
448 1213 71 71 0 5
677 168 95 95 0 1
1769 1606 195 195 0 3
767 925 186 186 0 2
1468 1629 179 179 0 3
958 647 99 99 0 0
651 380 136 136 0 1
1540 361 114 114 0 4
958 1082 167 167 0 0
519 1213 133 133 0 5
504 517 154 154 0 2
1770 164 135 135 0 4
1300 781 68 68 0 0
1647 1662 122 122 0 3
1278 1615 190 190 0 3
1278 1314 190 190 0 3
1415 486 161 161 0 4
658 806 101 101 0 2
1764 0 164 164 0 4
658 517 150 150 0 2
1468 1249 111 111 0 3
773 168 157 157 0 1
1468 1360 85 85 0 3
444 0 123 123 0 1
