1000 1000 20
Macro 18
327 889 178 178
646 341 117 117
50 766 170 170
803 698 172 172
681 904 187 187
312 752 90 90
297 809 108 108
189 591 168 168
53 101 101 101
157 244 138 138
136 589 128 128
58 889 149 149
945 56 112 112
925 469 133 133
256 587 193 193
168 584 188 188
476 815 150 150
926 526 161 161
std_cell 673
582 729 22 20
225 264 32 20
633 538 20 20
16 931 24 20
347 205 22 20
522 400 36 20
307 679 23 20
645 443 28 20
269 703 22 20
332 214 22 20
759 258 39 20
683 16 24 20
845 852 30 20
600 321 36 20
667 526 32 20
848 250 25 20
256 73 32 20
514 889 30 20
611 531 29 20
821 958 39 20
736 343 25 20
359 43 35 20
23 5 30 20
487 292 35 20
708 820 28 20
507 467 37 20
78 190 25 20
483 923 27 20
43 84 36 20
244 711 38 20
611 92 21 20
961 867 38 20
166 475 30 20
757 777 21 20
6 578 23 20
736 743 33 20
922 96 37 20
787 946 26 20
101 274 21 20
239 809 20 20
95 746 29 20
277 173 21 20
937 760 24 20
96 981 39 20
845 341 38 20
692 456 37 20
434 654 25 20
323 600 30 20
129 81 27 20
377 136 35 20
659 114 30 20
880 582 33 20
210 668 30 20
528 312 20 20
943 768 28 20
122 38 38 20
514 399 38 20
211 452 34 20
160 308 25 20
433 5 34 20
649 126 32 20
461 84 27 20
780 785 33 20
684 910 23 20
867 62 28 20
47 527 37 20
177 927 36 20
109 387 26 20
596 638 24 20
700 539 37 20
406 822 27 20
577 921 33 20
221 789 39 20
374 381 31 20
97 807 33 20
387 747 37 20
934 849 28 20
831 714 38 20
635 516 27 20
624 502 36 20
578 671 33 20
29 755 38 20
599 139 29 20
143 195 24 20
777 844 39 20
735 184 38 20
666 312 22 20
105 888 37 20
102 479 32 20
270 199 28 20
287 657 32 20
947 221 25 20
506 778 35 20
936 142 26 20
294 561 28 20
644 873 24 20
232 673 23 20
629 832 25 20
812 773 31 20
28 590 28 20
617 763 23 20
774 284 38 20
76 880 22 20
172 178 22 20
359 443 29 20
378 647 35 20
100 325 39 20
869 607 38 20
104 805 33 20
749 398 27 20
366 394 34 20
272 599 27 20
68 901 25 20
432 881 24 20
674 460 31 20
471 292 24 20
224 246 23 20
576 301 34 20
126 749 22 20
480 485 35 20
192 858 23 20
133 293 34 20
184 2 21 20
900 288 39 20
808 650 21 20
687 175 30 20
44 959 23 20
775 112 24 20
861 207 35 20
994 536 34 20
667 465 33 20
828 892 39 20
711 405 32 20
193 837 35 20
154 673 21 20
323 347 22 20
532 457 30 20
640 717 21 20
460 541 21 20
5 268 24 20
191 693 29 20
444 236 36 20
653 219 31 20
349 514 35 20
426 343 21 20
50 94 23 20
809 879 39 20
986 521 24 20
284 180 37 20
359 438 22 20
853 683 39 20
786 386 21 20
140 426 37 20
103 600 21 20
967 109 20 20
869 159 38 20
802 313 31 20
395 455 23 20
532 745 23 20
970 958 27 20
88 20 38 20
53 897 36 20
899 39 27 20
419 183 31 20
219 778 31 20
622 73 29 20
461 408 33 20
459 601 21 20
835 563 30 20
202 803 35 20
672 71 26 20
962 475 39 20
384 358 31 20
930 916 37 20
103 900 34 20
875 191 32 20
921 928 20 20
89 820 34 20
968 508 36 20
4 188 38 20
287 627 37 20
261 748 36 20
36 721 39 20
350 872 34 20
285 552 38 20
675 957 39 20
624 637 33 20
432 8 29 20
996 363 23 20
925 99 36 20
264 801 37 20
291 186 21 20
729 380 32 20
6 698 24 20
889 11 32 20
886 176 24 20
639 148 34 20
925 675 26 20
870 275 26 20
547 155 24 20
828 222 21 20
112 452 32 20
860 545 24 20
461 856 33 20
909 386 30 20
956 174 39 20
187 247 25 20
360 917 30 20
627 367 34 20
615 517 22 20
378 501 29 20
694 17 31 20
650 619 38 20
693 520 29 20
895 241 26 20
675 723 36 20
464 788 28 20
176 325 20 20
334 637 26 20
182 243 31 20
24 138 36 20
417 212 24 20
385 777 33 20
129 13 29 20
144 745 29 20
530 523 26 20
246 224 34 20
541 897 23 20
844 235 32 20
417 739 20 20
476 92 28 20
463 941 33 20
880 640 33 20
266 214 32 20
278 448 26 20
458 302 23 20
586 875 32 20
514 971 32 20
653 644 34 20
984 798 26 20
389 515 34 20
322 636 24 20
740 864 38 20
533 584 33 20
99 950 33 20
323 576 25 20
43 787 30 20
517 924 21 20
427 784 25 20
138 705 37 20
232 597 33 20
7 819 21 20
473 522 22 20
790 126 27 20
167 775 31 20
925 556 31 20
291 247 33 20
193 31 25 20
112 727 35 20
615 211 25 20
678 939 26 20
788 721 23 20
726 305 39 20
645 154 20 20
90 784 36 20
859 322 26 20
381 867 23 20
141 854 28 20
390 932 39 20
981 557 38 20
708 906 35 20
114 0 33 20
154 307 22 20
31 267 33 20
35 647 27 20
478 713 35 20
587 267 38 20
434 314 38 20
573 80 37 20
468 663 24 20
864 327 35 20
985 246 30 20
194 127 25 20
101 584 38 20
60 82 38 20
142 769 37 20
989 256 29 20
769 144 31 20
564 800 23 20
411 599 25 20
448 890 37 20
312 35 29 20
157 747 29 20
349 730 36 20
827 817 29 20
393 692 25 20
145 379 23 20
938 340 33 20
507 40 34 20
925 568 22 20
122 67 32 20
337 112 29 20
324 106 36 20
256 888 34 20
907 668 23 20
487 355 24 20
558 800 29 20
390 716 22 20
547 740 22 20
446 374 27 20
558 840 26 20
67 703 38 20
220 6 38 20
43 728 32 20
46 969 36 20
296 169 36 20
36 633 29 20
281 360 26 20
739 538 27 20
249 646 33 20
206 736 32 20
2 764 25 20
537 393 23 20
481 84 21 20
133 928 22 20
459 691 32 20
768 526 27 20
395 989 25 20
533 439 26 20
717 579 21 20
408 14 28 20
748 445 38 20
647 30 31 20
806 387 25 20
568 55 33 20
34 774 35 20
792 36 29 20
539 329 23 20
429 20 37 20
413 563 32 20
948 873 30 20
254 717 24 20
399 650 31 20
706 933 28 20
89 424 36 20
512 497 27 20
438 261 24 20
943 86 26 20
292 749 34 20
474 860 32 20
804 508 39 20
635 596 26 20
544 174 37 20
926 974 22 20
195 340 28 20
537 144 20 20
213 792 35 20
861 613 35 20
442 568 25 20
546 532 22 20
993 59 37 20
30 432 34 20
321 973 20 20
519 613 28 20
722 993 39 20
473 527 34 20
501 109 24 20
123 46 29 20
283 50 37 20
20 479 21 20
390 558 21 20
623 603 27 20
351 485 26 20
216 793 33 20
54 762 36 20
326 47 22 20
821 356 21 20
480 142 21 20
329 999 29 20
756 51 35 20
992 229 33 20
578 493 28 20
339 702 22 20
540 622 31 20
752 561 31 20
102 143 30 20
119 726 31 20
746 470 27 20
211 963 26 20
264 265 37 20
725 590 29 20
313 547 23 20
946 793 32 20
690 276 30 20
792 446 32 20
327 785 31 20
676 906 24 20
279 15 36 20
609 819 21 20
638 362 21 20
380 741 38 20
505 500 23 20
467 251 29 20
970 678 24 20
215 235 36 20
944 940 25 20
825 258 27 20
488 772 37 20
52 178 26 20
48 845 36 20
625 376 33 20
630 302 20 20
283 909 25 20
317 892 35 20
728 956 32 20
254 109 36 20
697 759 26 20
609 165 24 20
11 580 23 20
843 226 32 20
815 788 22 20
167 641 33 20
46 656 35 20
413 98 34 20
835 462 24 20
943 460 28 20
839 574 26 20
762 122 28 20
483 80 24 20
14 212 27 20
37 269 30 20
321 735 23 20
29 931 31 20
900 40 20 20
511 744 27 20
267 326 27 20
532 435 26 20
967 579 34 20
91 381 25 20
678 926 32 20
844 622 31 20
387 683 38 20
196 149 33 20
806 680 36 20
230 821 33 20
892 268 26 20
90 214 32 20
3 119 20 20
146 903 30 20
160 657 36 20
647 427 32 20
984 180 32 20
862 952 30 20
759 954 28 20
333 437 27 20
880 178 34 20
60 267 36 20
862 256 33 20
417 668 23 20
936 648 20 20
489 829 21 20
916 579 33 20
44 919 23 20
699 190 32 20
822 859 34 20
848 470 31 20
287 832 20 20
650 150 20 20
784 410 26 20
104 118 25 20
847 984 33 20
296 908 37 20
252 158 23 20
164 670 26 20
827 101 33 20
318 316 37 20
931 234 33 20
896 975 26 20
153 595 37 20
165 976 23 20
455 13 23 20
447 742 30 20
846 97 36 20
892 630 33 20
507 997 38 20
748 355 23 20
981 44 27 20
263 234 34 20
203 428 37 20
904 30 30 20
529 222 34 20
347 460 38 20
457 243 24 20
436 611 38 20
839 602 31 20
587 295 38 20
615 35 29 20
37 462 31 20
132 930 38 20
92 640 35 20
927 841 36 20
995 909 31 20
886 259 33 20
144 89 39 20
687 48 38 20
120 217 26 20
271 467 37 20
678 728 31 20
711 114 32 20
339 551 35 20
716 927 35 20
846 332 35 20
962 884 25 20
794 95 32 20
815 886 29 20
735 742 23 20
727 730 35 20
652 613 37 20
990 796 37 20
703 677 33 20
845 823 28 20
895 116 32 20
291 573 31 20
845 2 32 20
687 185 30 20
553 403 22 20
112 400 31 20
735 75 20 20
285 529 34 20
170 100 30 20
416 906 36 20
843 144 30 20
637 495 22 20
758 627 29 20
292 461 30 20
304 138 20 20
285 199 36 20
255 576 27 20
773 100 32 20
579 460 29 20
286 133 22 20
863 399 28 20
533 599 24 20
474 818 28 20
129 645 20 20
918 546 34 20
551 762 31 20
690 188 36 20
257 449 31 20
815 550 28 20
910 120 29 20
688 196 39 20
320 943 21 20
772 93 21 20
44 351 32 20
554 330 31 20
484 417 24 20
729 18 24 20
17 204 32 20
837 147 38 20
849 756 34 20
693 401 29 20
518 384 28 20
590 776 37 20
833 405 39 20
326 743 38 20
526 15 37 20
939 847 35 20
959 712 26 20
941 3 30 20
64 495 24 20
333 549 29 20
913 63 38 20
567 930 29 20
267 405 37 20
77 117 39 20
161 771 23 20
518 679 29 20
155 108 35 20
456 988 35 20
514 783 38 20
732 41 25 20
798 672 35 20
888 757 39 20
384 830 26 20
761 448 28 20
325 94 31 20
998 238 31 20
158 565 32 20
169 425 23 20
971 247 29 20
543 132 27 20
18 61 33 20
812 174 38 20
170 268 24 20
162 684 32 20
51 894 37 20
726 849 22 20
566 614 27 20
607 951 23 20
445 368 32 20
400 770 31 20
463 398 33 20
9 621 31 20
964 179 21 20
47 935 31 20
426 590 31 20
67 445 24 20
652 879 20 20
620 822 26 20
148 782 20 20
507 199 38 20
677 233 32 20
49 244 35 20
848 656 37 20
195 293 38 20
25 595 23 20
64 488 28 20
993 74 29 20
110 958 35 20
253 158 32 20
893 680 39 20
748 961 23 20
126 401 25 20
840 746 37 20
224 989 27 20
528 731 37 20
188 206 34 20
965 238 29 20
450 814 25 20
895 645 38 20
108 920 22 20
240 173 37 20
409 234 32 20
247 519 34 20
192 500 38 20
677 86 23 20
180 426 25 20
47 306 23 20
827 887 24 20
52 51 32 20
877 581 23 20
783 65 22 20
787 749 24 20
304 237 38 20
564 199 20 20
883 673 23 20
119 124 22 20
846 528 29 20
358 94 32 20
48 551 38 20
594 726 22 20
637 775 32 20
152 684 21 20
82 980 27 20
572 135 29 20
32 449 28 20
717 815 25 20
515 504 24 20
565 819 38 20
742 130 31 20
18 626 23 20
803 138 20 20
750 650 28 20
667 109 36 20
744 716 35 20
660 338 27 20
442 298 39 20
114 594 20 20
983 197 30 20
575 556 24 20
332 607 33 20
6 49 33 20
