5000 5000 40
Macro 125
4982 1134 356 356
511 3681 234 234
2871 2942 340 340
602 4439 344 344
4861 2413 375 375
2295 2153 180 180
2209 1934 217 217
3267 1637 336 336
1585 4863 202 202
758 3115 277 277
1608 2857 256 256
381 4934 298 298
2169 39 225 225
4299 4572 266 266
588 467 386 386
1980 571 377 377
1602 2491 300 300
4253 4473 322 322
433 4856 164 164
3912 294 292 292
2270 1208 130 130
2447 4479 192 192
3143 715 163 163
1116 4728 346 346
578 1874 168 168
2843 2187 235 235
4732 3224 161 161
2122 1901 155 155
3264 1421 399 399
1473 3853 185 185
1889 3453 266 266
4424 3492 355 355
945 3677 293 293
2966 1379 207 207
3533 1879 300 300
1674 803 269 269
3087 4122 261 261
282 1231 392 392
4837 1399 206 206
959 416 337 337
3274 3802 270 270
2604 3006 336 336
2027 4726 235 235
4907 292 370 370
1148 1381 203 203
4145 3037 222 222
4835 3569 347 347
1529 781 377 377
2247 4496 145 145
2160 781 386 386
1375 3835 270 270
1584 4463 149 149
2957 1867 178 178
694 2794 307 307
3267 1653 369 369
3211 1541 221 221
456 815 143 143
4548 2483 131 131
542 4456 251 251
2776 1690 143 143
838 1921 191 191
4728 673 391 391
491 1258 373 373
1455 2738 359 359
754 3616 199 199
3519 2129 273 273
2451 104 228 228
1592 408 334 334
1972 2287 266 266
3203 239 308 308
3940 1414 271 271
1781 4397 136 136
2229 1330 245 245
1880 2771 381 381
786 4657 381 381
4462 1624 323 323
1578 4190 203 203
2298 2070 328 328
448 3753 301 301
4808 1202 223 223
2369 3328 314 314
3332 4821 171 171
3433 4924 246 246
229 405 367 367
2211 3433 353 353
645 1152 216 216
4847 2427 188 188
549 2077 370 370
3757 2430 221 221
4849 4544 314 314
2087 4311 388 388
1169 3666 287 287
3501 3467 306 306
736 3950 361 361
2221 545 246 246
152 4591 379 379
3874 3484 235 235
4412 2307 349 349
3409 4642 313 313
2713 621 375 375
3076 3359 258 258
1774 2924 185 185
786 2323 386 386
2 4544 378 378
4754 4851 166 166
4088 1842 367 367
4163 257 301 301
509 2665 244 244
3725 1246 295 295
1615 947 203 203
1791 1767 341 341
539 665 210 210
252 4952 248 248
2973 3661 187 187
4595 686 177 177
4283 2671 201 201
4045 1057 278 278
595 4832 240 240
3381 597 172 172
4376 3136 374 374
449 3465 154 154
4978 4612 160 160
3722 488 261 261
2278 2448 334 334
1734 3893 395 395
std_cell 4205
3396 3525 77 40
661 3935 67 40
4191 914 55 40
3887 2164 69 40
4576 3483 54 40
2851 3859 51 40
1154 1896 49 40
4917 1750 63 40
1728 3298 49 40
2347 1105 46 40
1434 2797 69 40
4570 1413 45 40
2410 3293 71 40
1901 4688 46 40
741 3636 69 40
3582 4138 42 40
2161 4243 78 40
3073 1353 42 40
157 1961 60 40
3518 4733 47 40
444 1369 49 40
3593 1599 71 40
3266 3510 69 40
3349 4995 66 40
1808 697 78 40
1100 3243 65 40
3494 670 70 40
4657 905 43 40
3963 1559 45 40
593 4705 60 40
195 4176 43 40
3843 2357 42 40
3419 1917 48 40
3710 3577 58 40
3879 2228 72 40
3311 4324 62 40
3598 1904 70 40
923 1865 42 40
414 4272 46 40
1860 2223 79 40
4970 2960 48 40
467 3465 75 40
3630 124 45 40
4370 2594 79 40
1683 4964 42 40
2299 1878 74 40
4140 1143 42 40
4235 2559 40 40
3060 2946 76 40
1137 1940 63 40
175 4448 47 40
1264 3773 46 40
1352 2187 55 40
638 1767 76 40
1460 2499 72 40
3990 1430 54 40
459 4458 62 40
4895 4090 63 40
4582 4265 58 40
1684 1265 67 40
4230 3983 43 40
3144 3370 61 40
127 2380 70 40
930 3187 52 40
326 2067 79 40
128 501 63 40
1516 1392 75 40
4275 2869 69 40
3579 4914 65 40
4636 39 41 40
2413 3627 69 40
1470 2872 73 40
3085 1365 77 40
1963 2668 74 40
631 3647 73 40
3934 4861 79 40
2631 2078 69 40
3231 2758 76 40
4458 4162 79 40
946 4785 66 40
1229 1074 59 40
286 2746 46 40
2466 4562 73 40
615 1046 75 40
4476 252 43 40
1086 1890 65 40
3880 2556 49 40
4763 1965 65 40
3922 1726 49 40
4634 4554 68 40
374 3568 52 40
4415 3005 53 40
646 2647 49 40
764 105 42 40
1809 1711 65 40
4890 3039 48 40
2785 177 66 40
785 252 60 40
4739 1401 78 40
1299 4216 51 40
1653 2386 61 40
1107 533 68 40
4943 870 44 40
2499 3865 58 40
2597 2133 63 40
3419 2971 77 40
701 2835 58 40
977 1348 53 40
483 1741 73 40
1453 2293 57 40
3452 1344 40 40
333 1238 53 40
1521 1119 63 40
1491 1261 73 40
2520 2791 49 40
478 4174 67 40
177 1585 59 40
4707 120 59 40
2456 2207 52 40
3986 53 68 40
4340 2406 47 40
3025 42 64 40
242 4002 41 40
1390 725 56 40
744 2844 67 40
3019 4196 66 40
4189 3352 65 40
435 711 53 40
4471 1927 47 40
1972 1992 64 40
4718 2451 65 40
1166 4896 69 40
4037 874 53 40
17 1493 69 40
3081 4003 48 40
1547 2421 76 40
1410 4572 67 40
2464 1652 66 40
3574 3855 50 40
2378 4318 61 40
1699 397 43 40
3515 889 50 40
3750 3951 75 40
1600 3222 67 40
879 3572 43 40
214 597 44 40
1024 1381 54 40
494 61 63 40
2255 511 63 40
1554 337 66 40
4515 3101 51 40
2759 925 71 40
2674 223 51 40
2578 1248 53 40
4078 4956 47 40
567 778 79 40
353 4083 40 40
1667 4104 73 40
3034 3267 53 40
2326 3913 47 40
1840 2541 57 40
4511 2864 78 40
3922 6 76 40
2925 1178 70 40
518 4480 67 40
1515 33 44 40
2581 4274 67 40
959 256 55 40
4497 3537 70 40
1504 3576 77 40
3494 2072 76 40
4355 3848 74 40
1155 1022 48 40
2952 4190 71 40
4289 278 61 40
3104 1130 51 40
2819 2615 76 40
3994 1741 76 40
2622 1920 74 40
2920 3140 59 40
1400 4435 63 40
3174 3982 46 40
3710 4133 50 40
4238 3208 74 40
2671 743 59 40
1784 1165 58 40
2815 1139 73 40
14 3971 59 40
2162 2966 51 40
3162 1452 47 40
3244 1266 67 40
2582 1064 69 40
3882 1577 45 40
2805 1504 64 40
3497 726 59 40
4645 4898 73 40
161 2819 68 40
3880 3871 47 40
1953 3119 48 40
2079 4625 59 40
3862 3864 44 40
791 1678 45 40
4 805 54 40
650 2166 52 40
3771 3812 77 40
3618 2015 76 40
78 1201 64 40
3080 3961 73 40
2778 885 72 40
465 1276 59 40
1612 110 53 40
1174 1773 55 40
2930 54 66 40
645 4883 64 40
3173 2725 50 40
4508 2036 46 40
1590 299 42 40
3714 1594 44 40
1104 4364 65 40
3761 4875 54 40
3176 2379 51 40
1891 3255 53 40
3581 4971 43 40
2216 1359 57 40
857 2682 77 40
2635 2469 63 40
2792 3809 50 40
4243 723 66 40
3864 4889 70 40
606 2037 59 40
2614 115 46 40
4074 4204 75 40
414 2788 65 40
799 1519 60 40
2153 4560 48 40
1395 330 62 40
1940 3287 57 40
3585 521 73 40
3258 801 55 40
1881 4116 49 40
3484 4517 53 40
1586 1277 69 40
3326 830 65 40
2000 2191 79 40
719 2606 53 40
4229 3334 75 40
2721 3303 45 40
2538 3136 56 40
1091 3338 40 40
4655 3245 71 40
2898 1050 70 40
3575 4839 51 40
4337 2160 44 40
361 2596 74 40
2962 2242 68 40
1713 1446 41 40
1759 3300 57 40
2723 86 79 40
4130 4724 68 40
2278 4849 48 40
2331 1507 58 40
3183 52 74 40
4810 722 43 40
3189 902 43 40
4061 2845 55 40
4147 1960 52 40
3895 2723 66 40
1799 3233 72 40
4883 2160 45 40
830 2846 42 40
4403 2544 42 40
4293 1163 58 40
844 2017 71 40
1250 4974 67 40
1741 3528 57 40
4824 4072 44 40
35 3007 63 40
4125 4846 63 40
3730 2314 61 40
749 2791 63 40
160 4897 54 40
4751 4055 52 40
2620 1551 75 40
2289 2504 59 40
3712 3120 46 40
350 3115 64 40
664 4644 61 40
4279 1508 64 40
1661 529 63 40
1483 3403 49 40
4057 1307 73 40
2475 4093 42 40
4315 1601 43 40
3940 3045 76 40
3916 4689 46 40
837 4076 59 40
4586 589 49 40
3132 2207 73 40
2141 421 51 40
4711 853 54 40
3542 62 75 40
3968 4206 53 40
4706 3248 72 40
715 1368 66 40
3777 2198 41 40
4771 2835 50 40
3505 2246 71 40
1928 2820 65 40
3848 869 73 40
866 2764 52 40
559 1704 48 40
1840 145 47 40
2293 4972 64 40
2353 4434 44 40
394 2064 66 40
288 3936 71 40
2127 4257 68 40
3142 1833 48 40
2505 3858 56 40
3202 1282 52 40
1056 2973 57 40
4117 4561 49 40
220 1046 55 40
2382 4068 61 40
1916 3248 46 40
1832 2475 62 40
4952 3672 40 40
2621 2246 55 40
3644 4974 55 40
1681 4039 52 40
2039 1969 69 40
2975 4166 50 40
1226 1118 65 40
1000 3731 62 40
4976 4202 76 40
14 1032 67 40
2176 4132 72 40
594 2396 67 40
179 2976 52 40
1465 2095 65 40
1224 3297 40 40
4570 1177 61 40
1970 2192 73 40
3424 615 64 40
2166 105 65 40
4654 4206 60 40
2075 2629 56 40
3372 3302 54 40
3748 4373 68 40
2034 3724 72 40
3576 2049 67 40
4757 752 46 40
1181 351 41 40
3149 1361 42 40
3327 4614 67 40
3456 4552 47 40
2912 3027 64 40
729 4882 68 40
219 4154 62 40
497 2386 40 40
4260 152 40 40
1592 1335 52 40
2782 4965 50 40
4638 1530 66 40
4339 1672 74 40
254 2915 47 40
3722 12 53 40
3668 4903 66 40
363 1817 75 40
1264 3690 66 40
1431 4721 52 40
3243 4343 75 40
2749 3973 47 40
4226 2969 46 40
3127 4724 60 40
355 2387 73 40
4876 1948 67 40
3723 2658 76 40
1914 3362 47 40
4188 1253 55 40
35 4443 68 40
4168 3757 74 40
4455 2836 61 40
3660 4818 69 40
4654 4925 77 40
3509 1086 49 40
4647 1752 77 40
430 2396 62 40
725 4656 77 40
366 3853 59 40
4380 721 62 40
1240 4256 77 40
2670 4964 71 40
1915 4584 72 40
3326 1103 63 40
837 3361 66 40
547 6 79 40
2118 3 77 40
2843 779 52 40
4822 2497 74 40
705 3331 63 40
3583 352 65 40
84 4013 70 40
2749 810 71 40
3669 3115 71 40
4663 3050 50 40
3837 904 64 40
2306 1508 58 40
869 4221 46 40
1092 4195 71 40
325 1930 74 40
2557 873 74 40
1936 4676 66 40
876 4779 56 40
456 698 64 40
2277 1161 63 40
4030 860 65 40
1514 4114 61 40
4874 4263 45 40
4925 3544 63 40
2379 4589 41 40
1594 1216 68 40
493 3901 60 40
2725 1363 73 40
3122 3817 60 40
559 3448 44 40
747 3116 59 40
4321 2684 60 40
2793 197 41 40
2464 3249 72 40
895 4741 55 40
4411 4925 65 40
601 925 58 40
4040 475 45 40
189 3966 56 40
4020 2568 49 40
3555 614 56 40
3785 4048 40 40
4515 1510 68 40
411 2638 62 40
328 970 72 40
1086 1076 63 40
4087 408 57 40
3760 1880 59 40
606 1224 79 40
130 1502 42 40
966 4541 42 40
1428 1567 65 40
467 468 63 40
2043 656 48 40
4434 1063 48 40
3224 2990 65 40
1678 2010 76 40
2038 1193 69 40
3520 2450 58 40
3831 3848 57 40
3421 4918 74 40
4924 2509 78 40
327 3685 77 40
4390 933 75 40
4910 4520 70 40
2435 876 53 40
4062 3863 61 40
2444 4529 48 40
4332 4488 59 40
185 3767 77 40
552 3410 58 40
1757 2230 75 40
420 3796 78 40
3423 3941 47 40
1247 2255 58 40
2790 4669 71 40
2174 2714 70 40
2178 2501 76 40
1400 1569 50 40
3434 1310 70 40
1090 870 78 40
2186 153 53 40
4734 4630 56 40
4682 4066 62 40
4119 4868 62 40
2834 4671 64 40
3279 4592 47 40
1901 3700 59 40
3389 325 54 40
2641 4636 66 40
2580 431 76 40
4306 4754 48 40
3146 1485 64 40
2256 4546 74 40
3054 690 44 40
857 4145 54 40
1560 3043 47 40
4298 1295 65 40
2674 3981 63 40
361 1793 67 40
3850 3196 63 40
1465 2129 42 40
2789 3366 62 40
829 1178 62 40
3691 3471 49 40
815 1272 40 40
3902 121 53 40
1027 2049 40 40
1606 3283 76 40
1596 4661 64 40
3973 2453 70 40
3806 534 75 40
497 3105 77 40
1829 3172 46 40
2086 2191 57 40
4966 936 59 40
388 1431 71 40
3066 3177 65 40
4797 3895 78 40
4355 3489 46 40
2366 170 51 40
4761 1269 75 40
292 788 54 40
3319 1898 75 40
4072 4915 69 40
1560 3046 59 40
2368 367 50 40
3581 2865 77 40
3472 410 44 40
1037 559 74 40
2602 1003 64 40
1495 2990 68 40
2435 4562 76 40
1168 2232 47 40
3457 523 51 40
722 824 46 40
694 483 48 40
2094 986 65 40
1272 413 47 40
2885 345 45 40
328 4446 49 40
3391 2697 77 40
4814 1972 40 40
562 3286 46 40
2383 1600 44 40
3846 4985 58 40
2604 342 65 40
2976 39 76 40
4904 4145 44 40
2272 3361 64 40
4669 2994 42 40
4186 363 55 40
3478 1280 59 40
1350 4751 57 40
1693 4236 51 40
96 2022 49 40
3683 3487 76 40
4719 3497 62 40
460 281 47 40
1783 2843 41 40
1882 630 57 40
2829 4487 72 40
972 806 70 40
4527 876 54 40
4951 1800 79 40
4238 4620 41 40
4795 3424 60 40
4984 3273 48 40
4705 1335 66 40
3025 1398 67 40
571 3121 53 40
3420 4254 75 40
1609 3139 65 40
2752 2069 53 40
3421 4536 42 40
4913 304 70 40
166 2742 72 40
4792 1138 67 40
3548 4320 67 40
2015 3499 76 40
1120 1254 52 40
3120 915 70 40
4678 3104 51 40
4189 4384 72 40
4439 2214 47 40
783 11 63 40
336 4204 42 40
4266 1945 44 40
2343 2018 46 40
4015 765 49 40
1554 3928 45 40
1070 1720 63 40
1670 863 42 40
2859 219 75 40
183 4874 77 40
3718 1304 42 40
1128 1838 77 40
2220 807 58 40
4943 1409 50 40
191 4382 63 40
3624 975 46 40
4393 3960 63 40
179 3659 59 40
906 2523 72 40
677 4922 77 40
3288 2231 61 40
3851 4359 63 40
3952 521 69 40
222 1811 49 40
741 406 50 40
1686 4459 65 40
1710 2814 61 40
1298 3930 40 40
3622 1242 77 40
340 3814 53 40
624 3964 48 40
4789 18 60 40
2925 4968 56 40
3678 3832 52 40
2491 4356 67 40
3754 780 65 40
1588 2605 57 40
140 540 50 40
3127 363 68 40
2351 3868 53 40
769 4038 48 40
3328 2480 70 40
1853 4627 50 40
1410 475 67 40
869 1750 40 40
4290 1494 73 40
715 4080 74 40
1512 3640 64 40
4048 191 52 40
2473 1540 66 40
4547 1227 61 40
2321 1135 73 40
3833 2461 50 40
1675 1960 50 40
2824 4027 42 40
829 3594 60 40
3065 4158 75 40
1074 4919 64 40
3786 2485 61 40
395 4655 72 40
4236 4685 78 40
1150 4952 69 40
3765 2663 53 40
3592 2814 54 40
2854 1066 41 40
4354 2401 40 40
2293 1675 40 40
3537 1126 59 40
4137 212 51 40
3087 1962 68 40
4240 3917 72 40
557 2306 60 40
3076 1632 58 40
2225 1862 43 40
4117 2620 47 40
1518 3354 59 40
2306 2668 76 40
3306 1072 41 40
332 1899 43 40
3886 3186 49 40
2965 3241 68 40
588 259 64 40
4917 4125 43 40
1386 4054 78 40
4338 4474 74 40
1017 3579 46 40
3391 1574 59 40
886 1467 70 40
3206 3111 71 40
3330 2324 40 40
732 4848 63 40
678 3039 69 40
2516 3985 69 40
4111 2849 76 40
884 2997 43 40
1035 3850 71 40
1238 1624 77 40
4109 1155 44 40
750 495 50 40
210 89 49 40
4970 1227 72 40
3668 3361 43 40
2802 4554 69 40
4829 1008 51 40
2666 3159 46 40
3332 3399 77 40
3008 4011 70 40
1438 525 43 40
2996 550 79 40
3374 3881 73 40
3547 4410 53 40
2732 4786 67 40
1034 1841 58 40
942 1784 57 40
2337 1152 66 40
1873 2307 52 40
2380 542 64 40
669 182 45 40
97 499 43 40
1191 2763 55 40
3659 4523 45 40
1163 1667 66 40
3535 2602 44 40
2192 1532 75 40
3152 567 63 40
413 1700 48 40
4977 3145 66 40
1486 1011 61 40
4987 2429 52 40
2796 2325 77 40
3582 4670 70 40
4632 962 44 40
212 302 41 40
1145 310 60 40
801 2336 55 40
3073 4461 48 40
1860 4237 58 40
1128 395 46 40
1839 3321 52 40
1927 4992 57 40
3889 2341 40 40
1692 3866 65 40
486 3179 45 40
4878 474 58 40
608 2675 43 40
2799 4190 71 40
2345 2432 71 40
153 2558 67 40
2734 1298 76 40
2868 3536 74 40
3635 942 42 40
2997 495 41 40
179 4125 61 40
891 2019 47 40
2447 2818 77 40
2011 1336 44 40
160 3703 55 40
202 647 63 40
1882 81 65 40
1121 2491 68 40
2756 3920 61 40
1682 101 56 40
1352 1835 72 40
2660 4087 63 40
3134 528 76 40
2623 1769 48 40
1471 620 71 40
2265 1650 54 40
4746 3157 55 40
3669 2193 43 40
976 681 72 40
3530 1136 55 40
4384 3733 69 40
1783 1267 77 40
3814 2904 73 40
3759 1571 73 40
1825 441 68 40
1673 3178 65 40
2277 4333 60 40
2265 411 64 40
4861 4889 60 40
2181 1332 63 40
509 4447 66 40
2983 256 41 40
2604 1653 70 40
2449 3580 63 40
2334 980 45 40
4716 1719 45 40
4713 1500 47 40
2987 3528 71 40
4405 1746 73 40
99 1231 69 40
2188 1772 47 40
4409 4465 66 40
1105 1675 52 40
4876 967 44 40
1564 2058 75 40
2300 2074 44 40
1505 284 59 40
2330 4110 50 40
1937 4780 47 40
2691 4272 51 40
760 2408 66 40
992 473 77 40
3908 3980 48 40
4002 3313 60 40
726 4101 71 40
4544 2915 77 40
873 3954 45 40
2380 1979 51 40
630 2257 62 40
2947 2194 65 40
4315 247 74 40
4269 821 49 40
531 1599 66 40
4932 2469 65 40
1379 2623 73 40
1742 2140 72 40
31 2735 70 40
2614 3939 41 40
1715 1616 63 40
2253 2442 64 40
717 1798 70 40
357 1591 70 40
753 2737 51 40
3570 1383 43 40
4994 1517 75 40
3578 4310 46 40
1765 2847 47 40
132 2297 54 40
4446 64 57 40
4767 826 55 40
2688 1509 65 40
2966 2719 44 40
4245 580 53 40
1659 960 74 40
2197 3913 64 40
3402 2914 44 40
712 3759 72 40
4506 1466 69 40
1496 3077 55 40
2849 1491 54 40
4595 1427 55 40
802 1360 50 40
4275 934 63 40
3658 3722 42 40
999 3425 76 40
4548 3687 57 40
4935 2515 75 40
1407 4180 66 40
3096 3067 58 40
141 293 58 40
1980 3543 51 40
3208 2693 48 40
2302 2715 49 40
4159 3799 63 40
792 2009 52 40
291 387 45 40
3437 1093 69 40
1748 2712 59 40
2028 407 59 40
1434 3028 47 40
3833 983 74 40
1716 3768 45 40
3498 3123 51 40
2949 1595 47 40
1191 3090 40 40
1889 3172 76 40
1634 97 51 40
865 3937 72 40
2813 25 66 40
2736 3605 67 40
2034 3028 47 40
3993 471 41 40
4121 742 78 40
3183 1150 71 40
1149 4618 44 40
4179 4982 74 40
601 895 48 40
3751 4100 79 40
4019 1701 61 40
695 210 66 40
4792 2585 58 40
3382 1426 73 40
2682 4248 75 40
363 496 68 40
4273 3100 56 40
4101 1307 47 40
1128 3095 73 40
1779 250 46 40
3837 4962 66 40
1401 4986 52 40
4581 580 53 40
4969 182 61 40
1476 3721 58 40
4283 495 65 40
422 4979 68 40
706 214 58 40
2564 4089 61 40
1641 247 40 40
3337 2005 50 40
743 2611 47 40
105 4845 67 40
3919 1234 57 40
2940 698 49 40
1485 1777 66 40
661 2887 48 40
1764 242 53 40
3467 1734 60 40
425 4944 57 40
455 4709 53 40
439 877 42 40
4688 1145 43 40
1092 2252 72 40
235 2733 75 40
2499 3572 79 40
4739 3242 60 40
1184 4845 51 40
3088 103 47 40
1079 1028 54 40
801 2565 57 40
2806 1463 74 40
452 4571 67 40
1706 3920 71 40
1305 2131 55 40
3864 1761 45 40
1840 4304 57 40
2639 1529 44 40
450 3731 64 40
3781 685 78 40
1465 1281 44 40
4258 1204 74 40
4524 442 46 40
1049 2612 72 40
546 2129 52 40
3640 1348 55 40
4695 1447 58 40
2811 148 61 40
1018 4517 69 40
4068 2324 78 40
1649 2933 78 40
4085 3490 43 40
2238 1724 40 40
19 2688 42 40
456 3801 75 40
3374 1921 75 40
82 2632 41 40
3126 4607 56 40
3075 4176 47 40
2219 3621 48 40
1306 860 71 40
4969 1001 64 40
2307 2781 42 40
1149 3325 58 40
2299 218 56 40
650 3949 58 40
3151 4736 64 40
2439 389 73 40
1460 2459 62 40
3078 1917 48 40
1261 1452 72 40
3839 1344 66 40
4085 1965 42 40
951 2160 78 40
1141 3170 59 40
781 2447 55 40
4030 751 54 40
3449 1338 77 40
3532 4598 76 40
4664 832 44 40
4816 314 76 40
4781 2968 75 40
50 2221 47 40
3358 1511 76 40
4680 1436 77 40
3428 942 43 40
2889 2267 72 40
2286 1974 78 40
4232 3237 60 40
4134 374 40 40
1408 4916 47 40
2822 439 51 40
668 1271 65 40
1777 4201 50 40
870 1441 69 40
33 686 41 40
1755 4814 68 40
3655 1806 54 40
2035 2013 74 40
3317 1716 51 40
3449 1745 62 40
2658 1338 67 40
4013 4945 78 40
3312 3246 64 40
3183 2447 65 40
3621 4591 57 40
2364 1443 40 40
30 3032 79 40
2715 1807 54 40
2233 3586 77 40
3249 2266 43 40
4272 5 50 40
2081 2927 72 40
1811 4116 51 40
4940 129 47 40
833 3390 69 40
1874 3491 55 40
4729 888 40 40
3436 3041 67 40
4134 1620 75 40
489 2755 40 40
1211 2853 75 40
4199 1242 47 40
885 1914 65 40
3050 3119 45 40
501 1299 77 40
386 4773 67 40
1304 2467 74 40
2701 3116 51 40
1584 2642 61 40
3245 2417 46 40
1033 120 73 40
909 762 48 40
1008 4346 44 40
3804 142 58 40
966 4293 74 40
2898 2177 61 40
2146 2097 58 40
3420 3032 74 40
4012 1470 76 40
1152 4513 55 40
2770 1538 78 40
4287 4074 46 40
4006 1989 47 40
2191 591 49 40
4631 436 54 40
3008 665 76 40
557 3917 65 40
1427 1565 54 40
3264 231 64 40
1708 4230 60 40
4525 4606 55 40
1408 1672 60 40
1704 4828 67 40
4704 717 40 40
1299 857 66 40
230 4069 64 40
2396 4518 67 40
3144 1402 60 40
1507 335 75 40
1993 1139 49 40
772 2 67 40
1804 1329 68 40
3920 3232 58 40
2894 2184 71 40
3463 4603 47 40
1415 2988 53 40
4210 2823 53 40
4661 914 65 40
2652 4366 47 40
1631 3951 49 40
223 1862 40 40
3021 2619 45 40
1380 1165 56 40
4022 2887 48 40
1500 1016 55 40
4026 2272 71 40
1019 831 45 40
3602 4939 40 40
4063 1497 45 40
2124 2527 69 40
1100 3539 61 40
516 310 60 40
1363 177 49 40
1224 4016 48 40
4543 2856 61 40
2967 4766 75 40
4718 988 73 40
2386 1098 49 40
2154 1409 56 40
3986 3654 69 40
2425 3012 59 40
927 3445 43 40
3844 4530 58 40
3384 2907 77 40
1027 509 75 40
434 2127 65 40
4049 950 50 40
2437 412 48 40
1128 3662 51 40
4429 671 57 40
1519 2397 58 40
438 1237 52 40
3386 2824 63 40
2336 540 75 40
4233 1322 60 40
4195 1659 78 40
4335 123 66 40
104 3179 65 40
4653 3489 79 40
1087 680 71 40
3999 1522 55 40
2808 3048 60 40
2473 245 52 40
3461 3601 65 40
3908 2890 69 40
4272 427 74 40
287 4710 61 40
1665 3674 63 40
2535 4001 43 40
4214 1769 78 40
324 3409 52 40
3429 4659 63 40
3532 3534 41 40
2839 3185 71 40
2024 3927 60 40
3866 1023 76 40
449 1674 57 40
4072 2922 71 40
1920 2533 45 40
1523 828 68 40
424 796 49 40
1256 712 63 40
507 2922 40 40
4386 3042 72 40
1923 3601 58 40
4812 2248 60 40
2010 3242 71 40
1908 543 45 40
1776 4748 46 40
3729 3800 71 40
3675 2595 77 40
4824 4124 62 40
4270 3896 51 40
2047 1190 49 40
1430 3571 47 40
2019 1855 41 40
4367 3276 44 40
2567 4875 69 40
1198 1954 64 40
2918 3122 48 40
555 2730 67 40
370 2566 77 40
972 2279 71 40
3109 2749 68 40
2027 1838 69 40
1549 702 52 40
4434 1374 65 40
4827 3704 46 40
270 1874 43 40
4894 1701 71 40
446 1914 74 40
3556 4814 52 40
190 1124 55 40
4689 1389 74 40
3078 2607 45 40
4511 3634 74 40
338 4882 55 40
1200 1311 77 40
2161 4309 79 40
4060 4189 62 40
1148 610 68 40
4891 582 76 40
1984 4719 44 40
4286 2255 40 40
1594 4181 46 40
3956 2040 52 40
1095 2513 41 40
1854 1286 50 40
3637 1543 41 40
2675 1716 65 40
4151 2187 59 40
350 4489 68 40
2070 1551 63 40
800 4232 50 40
860 4861 57 40
3421 2009 52 40
471 3312 62 40
2591 2455 43 40
3032 1878 58 40
4711 4626 66 40
1059 3667 74 40
1666 2155 53 40
1180 3521 79 40
3442 4818 49 40
65 1118 47 40
1534 4216 45 40
3305 1884 44 40
3706 375 63 40
3435 4506 42 40
4607 4296 43 40
4368 3029 45 40
1305 4839 70 40
1341 3897 79 40
2295 4373 50 40
775 2006 70 40
4000 1835 45 40
674 666 62 40
3990 1854 72 40
4188 2432 56 40
1672 4253 63 40
3550 3207 57 40
3469 1856 75 40
91 2176 52 40
2232 3527 41 40
1682 1840 46 40
2824 1051 69 40
4869 4130 53 40
890 1211 69 40
3027 3185 73 40
585 3803 72 40
191 4585 55 40
638 866 67 40
252 4629 45 40
2720 4440 55 40
2061 4393 77 40
3693 612 53 40
2600 2163 60 40
2469 2692 41 40
4339 4701 77 40
1220 1022 62 40
1542 4044 44 40
2073 1411 42 40
3175 2963 53 40
2622 1203 44 40
1149 3207 52 40
6 1341 44 40
2793 645 50 40
2207 3045 75 40
274 4928 76 40
2485 2336 66 40
4322 1179 59 40
2949 1923 54 40
3343 418 62 40
4615 2682 72 40
120 836 55 40
3705 1662 68 40
4881 779 61 40
3074 3056 69 40
3743 696 57 40
4260 4892 54 40
3904 4267 62 40
1233 1698 73 40
4912 3441 42 40
4743 187 68 40
3369 2229 48 40
2524 2692 40 40
3409 474 41 40
4615 1752 69 40
893 4231 41 40
4435 1013 78 40
67 3140 51 40
2676 4948 46 40
3920 750 41 40
3005 2663 65 40
1447 2265 51 40
2555 352 54 40
1533 3789 69 40
2050 1445 61 40
2231 1793 49 40
1633 600 65 40
4023 4158 48 40
3293 2432 69 40
4633 2908 40 40
4185 526 70 40
2139 3621 61 40
1540 2207 55 40
1761 4217 59 40
2156 681 43 40
4967 161 45 40
3345 1414 77 40
2427 900 58 40
1766 3960 67 40
4690 3816 70 40
406 1921 61 40
610 2040 55 40
2522 4634 79 40
1199 815 61 40
2067 832 57 40
3723 1252 68 40
1359 863 63 40
4873 2899 56 40
3070 1635 40 40
2116 226 69 40
2317 2084 57 40
388 662 65 40
3499 2815 41 40
1563 265 72 40
1776 1253 55 40
4082 2183 62 40
3174 4693 42 40
4224 696 41 40
4327 423 70 40
1512 1394 71 40
1256 235 41 40
2647 2615 61 40
1099 2521 53 40
515 4169 57 40
4156 2632 40 40
4395 1474 56 40
4716 4783 62 40
2136 3215 77 40
2599 3700 74 40
3481 4376 50 40
4953 2564 68 40
1560 3128 55 40
2257 784 66 40
3825 1585 68 40
1207 337 77 40
2980 2464 43 40
573 627 56 40
79 1672 60 40
3148 594 59 40
841 2305 57 40
3226 237 50 40
3779 2943 77 40
21 916 43 40
1158 2621 51 40
4616 4640 69 40
1997 4570 58 40
2204 3558 74 40
2698 4462 72 40
4342 1523 60 40
1047 550 65 40
1861 4028 63 40
3014 2434 61 40
4655 3094 46 40
4106 2804 77 40
3688 4948 78 40
109 1915 47 40
186 3889 53 40
4858 207 61 40
4805 1017 45 40
2828 4422 48 40
658 4826 71 40
3992 2863 74 40
3384 1691 64 40
2325 2727 57 40
3214 3373 62 40
3277 76 61 40
2401 1292 61 40
2510 2056 79 40
4386 1617 42 40
4861 3075 41 40
1565 4970 57 40
4990 1751 52 40
3860 4849 78 40
1959 3666 60 40
867 4788 64 40
3089 1526 68 40
4614 2081 79 40
4389 2999 58 40
3773 1714 61 40
727 1988 60 40
87 4005 44 40
2064 2489 44 40
297 4574 41 40
4546 4684 51 40
1192 4407 42 40
2759 2757 40 40
4378 2750 59 40
4509 3238 55 40
2600 1469 62 40
1905 3468 64 40
1257 4994 64 40
4994 872 54 40
2075 4383 59 40
3872 849 48 40
1098 4599 71 40
2837 1186 42 40
3604 4901 70 40
3675 3902 53 40
4476 3221 41 40
3586 668 72 40
2629 1346 54 40
3426 2007 59 40
4096 2936 45 40
246 1696 53 40
4405 2151 79 40
165 662 70 40
2145 159 42 40
1535 4221 79 40
4543 407 49 40
70 642 63 40
7 2908 59 40
1828 3612 53 40
2809 504 68 40
2514 2285 61 40
3726 1101 64 40
2954 1355 70 40
2447 1380 62 40
3363 1544 44 40
4316 3609 45 40
3241 3722 44 40
761 3406 69 40
4384 2906 69 40
3566 920 58 40
2128 3109 48 40
1327 2199 78 40
3751 1335 50 40
107 580 50 40
4947 2916 69 40
1085 2462 63 40
202 4811 52 40
3563 3156 61 40
1167 1011 77 40
4537 4530 71 40
2555 3853 67 40
3140 796 51 40
2575 3901 71 40
4202 1960 57 40
1807 2768 53 40
2881 3936 71 40
878 4208 67 40
1135 4630 76 40
544 1242 51 40
210 491 40 40
4158 1295 64 40
2953 4361 72 40
1107 1517 65 40
2517 2274 54 40
2528 2054 55 40
1805 83 69 40
908 4945 60 40
880 3484 60 40
3846 83 58 40
445 654 50 40
2852 3326 78 40
4590 3730 67 40
2534 726 48 40
3360 3079 49 40
1968 3571 77 40
3570 1127 77 40
4867 1524 73 40
488 975 50 40
3041 3006 59 40
3250 570 70 40
61 55 42 40
653 970 47 40
1 1534 41 40
4454 3847 73 40
1617 4899 65 40
4502 4469 55 40
3225 4093 65 40
3200 760 52 40
4819 1560 51 40
3839 1788 76 40
132 2410 52 40
2916 0 75 40
3934 3405 69 40
975 1976 78 40
1412 4225 50 40
2546 1473 44 40
4281 3200 67 40
2444 4282 70 40
4734 1898 64 40
3130 1352 46 40
1798 2633 40 40
821 24 63 40
1726 4022 73 40
785 1546 49 40
583 4625 72 40
3335 715 71 40
2035 1251 46 40
716 970 65 40
4656 1691 41 40
2946 1068 66 40
917 493 56 40
2542 198 43 40
3694 4986 73 40
4481 3429 58 40
1885 2611 77 40
4781 3684 58 40
244 603 73 40
3708 1971 62 40
4625 4494 70 40
3518 208 44 40
4119 1853 59 40
924 1154 43 40
3105 1640 40 40
2125 2761 48 40
3331 72 41 40
3830 4249 50 40
565 1373 52 40
4448 4260 69 40
1360 3929 41 40
2689 3246 77 40
1541 2470 76 40
1930 1786 41 40
3073 639 60 40
3758 2699 69 40
133 2276 50 40
2907 4253 53 40
4130 3831 61 40
407 2235 57 40
472 2533 78 40
4997 3803 63 40
2605 3827 43 40
3053 3171 55 40
201 2502 67 40
2431 1561 77 40
1431 120 73 40
4807 2973 64 40
2591 1738 55 40
4760 665 67 40
2377 3518 47 40
3364 2511 45 40
794 1272 72 40
1764 4925 67 40
104 2172 49 40
2160 576 72 40
4705 2157 75 40
4380 2311 50 40
985 2433 43 40
483 1186 48 40
4935 2914 40 40
2748 1367 44 40
3035 2555 45 40
4341 627 76 40
4293 4101 46 40
1292 1671 66 40
2619 4657 65 40
4183 3414 57 40
930 947 79 40
3339 1034 47 40
3120 500 74 40
1610 2826 78 40
2657 991 70 40
137 3643 78 40
3425 620 53 40
4830 3361 57 40
3535 2578 75 40
4728 1570 47 40
133 4070 42 40
2198 4427 50 40
3172 3490 74 40
1099 792 50 40
3148 282 56 40
4206 4078 66 40
1230 2546 77 40
112 4350 65 40
3047 1723 59 40
2177 705 73 40
2714 2314 76 40
4348 1139 63 40
2935 4178 41 40
4501 1470 76 40
1756 4230 67 40
3041 1890 47 40
3300 239 72 40
1318 1472 74 40
3730 2417 73 40
2264 1878 58 40
2700 1471 51 40
957 3931 73 40
4018 1069 66 40
3281 2065 46 40
2793 458 71 40
2770 508 56 40
2773 2118 44 40
1648 708 44 40
1297 1149 73 40
2179 3054 79 40
379 220 51 40
4944 3680 76 40
459 1263 50 40
152 4190 46 40
3680 2417 46 40
1069 1381 66 40
3888 2026 73 40
312 2907 44 40
3095 3594 52 40
4972 889 52 40
4053 2742 77 40
1397 1826 49 40
4861 3046 75 40
2535 1159 79 40
4195 4714 46 40
4213 4575 63 40
4934 4157 46 40
3255 394 79 40
420 3408 58 40
4585 4101 40 40
825 654 57 40
483 4714 69 40
2680 795 73 40
2621 776 43 40
4389 2593 75 40
1665 3443 65 40
336 3063 60 40
270 198 79 40
1110 2805 69 40
1357 306 54 40
2520 570 79 40
4881 2454 41 40
4728 3137 50 40
2849 148 49 40
1545 2435 48 40
4250 2370 57 40
3089 4733 76 40
2084 769 41 40
528 4706 61 40
1545 4918 48 40
2299 3211 53 40
3362 2636 58 40
1275 3632 58 40
2834 2385 49 40
1437 4191 57 40
2691 3957 64 40
4762 2573 73 40
1412 4490 64 40
710 4262 63 40
4639 2255 51 40
1697 3889 64 40
4626 4787 41 40
3622 1711 41 40
556 4151 58 40
1417 2102 45 40
4070 3717 77 40
314 2432 43 40
1353 1589 65 40
1064 4188 77 40
3975 2502 73 40
3380 1667 79 40
1460 3142 76 40
4240 2873 75 40
2632 4951 50 40
2136 2272 45 40
2207 3834 43 40
1161 1833 67 40
3621 4784 41 40
3545 4178 44 40
3935 4962 48 40
1280 3006 50 40
3679 1594 58 40
439 32 67 40
3184 1503 69 40
4221 2159 68 40
4006 2601 44 40
3826 467 53 40
743 3066 62 40
3341 3376 68 40
3018 478 77 40
648 225 73 40
4312 1809 53 40
2058 2934 78 40
1594 603 75 40
2112 530 71 40
566 3393 43 40
3536 4245 72 40
4988 3975 75 40
4278 3172 69 40
479 3499 69 40
332 4486 69 40
1100 4158 69 40
4954 1844 66 40
2225 3295 64 40
220 243 79 40
3773 869 71 40
468 3086 68 40
2679 2527 67 40
1020 4273 73 40
3131 3133 72 40
4803 3697 75 40
1526 3340 44 40
2943 1515 51 40
2315 2222 62 40
4687 2795 73 40
722 19 40 40
2282 1822 67 40
4178 2236 47 40
3667 1404 62 40
531 3888 56 40
1647 4305 44 40
4757 2116 56 40
2391 2436 69 40
4644 3412 43 40
1710 2775 51 40
1546 1513 61 40
1473 3073 46 40
4854 4417 44 40
4588 2170 56 40
1639 4276 76 40
4965 2361 73 40
4296 2247 45 40
4184 3474 65 40
4484 2851 59 40
4878 15 70 40
1740 1526 65 40
4321 1497 51 40
3643 1713 58 40
3934 3287 52 40
125 644 45 40
1063 1672 51 40
2158 2537 47 40
4745 2012 50 40
1954 4333 63 40
4182 3594 70 40
3609 4148 44 40
956 2905 63 40
1396 140 58 40
1380 880 51 40
2992 1259 45 40
896 4732 74 40
2785 218 55 40
1229 1429 61 40
1931 164 63 40
4716 2057 58 40
808 780 72 40
3729 2967 45 40
3317 3474 65 40
4979 272 76 40
2807 4162 61 40
3867 1417 62 40
3311 4823 70 40
4323 4708 67 40
4963 703 47 40
589 2956 50 40
1962 1485 57 40
2688 4748 72 40
1704 3918 62 40
1177 3635 76 40
4083 894 44 40
692 4891 67 40
1674 4422 47 40
2858 4992 52 40
2896 2838 77 40
265 704 70 40
2001 4132 43 40
2122 312 41 40
3955 1445 54 40
21 3919 62 40
2149 610 53 40
1875 4112 59 40
2096 4564 56 40
3860 3800 69 40
3483 38 40 40
2435 2566 40 40
932 3128 48 40
2457 2607 73 40
2550 316 45 40
2599 447 73 40
3155 2864 70 40
1151 156 67 40
1997 3273 56 40
469 952 60 40
4719 490 55 40
4872 1868 63 40
1100 1747 71 40
980 3196 73 40
1312 4841 56 40
1996 4795 53 40
4879 4432 69 40
2361 811 61 40
2560 4819 40 40
3419 111 77 40
136 1018 73 40
558 3291 78 40
3883 1710 68 40
3447 880 77 40
4984 3917 40 40
1833 4703 42 40
4407 1705 59 40
1572 507 53 40
3453 2552 61 40
3703 4765 76 40
2393 700 42 40
4561 2273 62 40
132 1922 77 40
3085 2693 50 40
1742 1504 56 40
2804 1879 43 40
2522 3362 44 40
170 1406 46 40
73 3618 70 40
2287 57 60 40
2535 4121 67 40
4761 1942 46 40
826 1333 44 40
2450 4280 58 40
3886 1153 79 40
4045 1280 60 40
1854 3606 71 40
3553 1986 69 40
529 1638 41 40
4679 2272 71 40
3142 2484 66 40
4151 665 75 40
846 4322 70 40
2072 920 55 40
2940 4359 73 40
977 476 70 40
3480 738 57 40
2419 4307 53 40
2072 4869 43 40
3587 958 79 40
1023 2633 49 40
2239 2877 46 40
1239 792 62 40
4864 1769 46 40
2431 4543 57 40
4041 573 78 40
2027 3193 49 40
1239 2874 61 40
2515 3311 45 40
3794 455 40 40
2671 4772 42 40
932 1152 72 40
511 3351 46 40
459 2583 46 40
3220 4047 50 40
3542 4244 46 40
1680 781 67 40
2121 2920 42 40
1573 1985 75 40
4689 4005 69 40
1529 3731 73 40
4578 3557 62 40
1924 818 64 40
1431 4439 64 40
4130 226 78 40
4895 1801 57 40
4998 827 54 40
2953 509 56 40
4179 3413 70 40
3093 2400 58 40
2460 1635 55 40
1644 4141 40 40
2416 3766 64 40
2061 3990 78 40
751 1751 47 40
2995 2281 41 40
482 2574 77 40
838 2407 57 40
3393 2269 63 40
1847 2523 42 40
2496 1743 57 40
4325 2494 66 40
2570 2279 75 40
3004 1750 64 40
692 1097 72 40
4150 3153 45 40
2733 795 71 40
2294 149 60 40
4561 4356 47 40
4140 313 67 40
1107 2136 49 40
2594 1590 41 40
4711 3432 49 40
3997 3104 73 40
702 845 66 40
628 3198 47 40
2588 4953 51 40
693 159 41 40
2233 3697 63 40
1909 2925 42 40
4795 1060 59 40
1079 2528 79 40
1855 3373 42 40
2678 1417 44 40
2729 1818 78 40
1730 3837 50 40
3955 4325 46 40
427 3666 75 40
2758 4425 67 40
1771 3461 69 40
270 2399 78 40
1660 2858 45 40
2353 2353 56 40
3018 4586 73 40
1051 4927 69 40
2512 846 48 40
988 3591 79 40
3375 2843 61 40
1965 1053 69 40
4260 4695 47 40
2872 991 48 40
3532 1827 78 40
316 3960 49 40
494 3075 58 40
3385 2265 72 40
1536 3655 75 40
4665 3196 65 40
1514 2019 44 40
550 4532 76 40
1605 1601 49 40
4460 4118 46 40
2448 448 56 40
2710 823 49 40
3292 4675 49 40
1876 2553 60 40
4371 4749 47 40
3544 2903 60 40
1576 3861 67 40
1863 2071 43 40
1936 249 47 40
4336 3472 57 40
3904 4002 41 40
1669 419 52 40
1021 2219 73 40
4952 2627 75 40
3820 4412 42 40
1746 1269 42 40
4860 4456 75 40
2092 3153 63 40
4132 3969 71 40
706 3503 42 40
3718 4250 71 40
1406 295 69 40
3112 3270 52 40
2366 48 49 40
3519 1703 62 40
3521 2424 47 40
705 191 75 40
2844 1727 66 40
2410 2796 44 40
4355 1231 44 40
2208 1102 73 40
2500 2069 61 40
558 4592 54 40
222 4690 43 40
3562 928 41 40
3193 2280 62 40
179 4600 63 40
2575 3291 69 40
2871 4942 65 40
3340 1390 71 40
1645 1862 46 40
3815 2351 67 40
2053 1659 43 40
4079 4464 79 40
4455 3435 62 40
695 1664 45 40
4537 3195 41 40
3734 95 57 40
2788 3957 68 40
4786 1350 72 40
4886 2980 60 40
3631 65 60 40
2580 1207 62 40
3357 451 72 40
1149 1698 69 40
1842 2795 45 40
3561 657 40 40
146 615 65 40
2316 4225 72 40
79 1772 45 40
2660 774 70 40
3436 2198 66 40
3970 2171 66 40
2293 1758 44 40
1128 2080 69 40
3109 1014 68 40
60 1741 66 40
1080 2640 53 40
2948 4438 57 40
3092 4098 51 40
1137 4934 44 40
1893 4698 63 40
591 2039 79 40
314 2908 47 40
1265 393 63 40
4680 3926 62 40
1168 3117 53 40
1124 139 64 40
289 3417 40 40
1898 1417 41 40
498 7 56 40
2432 558 60 40
1749 3513 62 40
3199 4697 79 40
2951 1291 53 40
3796 4089 51 40
1226 689 44 40
3787 1818 54 40
2729 4101 76 40
4727 3994 76 40
4495 4408 59 40
2920 664 66 40
2525 4044 62 40
803 2815 46 40
2462 2701 71 40
4233 2960 52 40
2709 1666 75 40
3519 4458 57 40
179 1718 66 40
4156 3131 53 40
3010 2952 69 40
2220 4236 70 40
3641 1008 76 40
1055 1370 69 40
110 782 78 40
365 4605 59 40
190 3285 51 40
269 2716 52 40
2330 1073 44 40
531 4793 51 40
3774 4764 54 40
2753 1484 61 40
1430 1273 72 40
942 1610 76 40
2991 99 60 40
4741 1001 46 40
3051 1961 48 40
238 1693 65 40
2970 1293 60 40
3064 3080 45 40
2075 3430 62 40
2685 2266 40 40
1716 2955 72 40
4982 4046 45 40
4028 513 47 40
3839 2803 63 40
278 1593 57 40
4287 1708 42 40
2866 230 41 40
3318 858 44 40
330 3060 55 40
1860 3382 70 40
22 2098 74 40
76 2992 52 40
3392 3141 59 40
1072 468 73 40
1571 3758 72 40
2734 3287 71 40
1714 2716 45 40
2333 743 76 40
3230 1173 42 40
3546 3508 59 40
2767 2834 57 40
217 633 75 40
3065 3536 55 40
1491 3395 77 40
1596 3351 41 40
1778 1619 63 40
450 1854 63 40
4611 3843 61 40
4995 684 69 40
4311 1566 45 40
4443 2046 62 40
4853 1158 61 40
4763 2187 50 40
1901 2993 69 40
3361 448 44 40
1502 1128 68 40
3283 1719 71 40
1762 1348 45 40
256 3253 72 40
4744 1853 47 40
1605 1522 76 40
3472 2056 67 40
3377 3084 59 40
899 3372 56 40
3769 210 61 40
4939 3213 51 40
2257 4792 47 40
4371 2020 66 40
1980 1273 48 40
13 342 50 40
1721 1516 46 40
1470 4 65 40
3236 3233 45 40
1353 3492 62 40
1486 1098 63 40
345 3092 46 40
2621 3818 46 40
148 998 46 40
1903 1048 68 40
4370 672 75 40
1258 4309 51 40
3885 3515 51 40
4102 3257 56 40
536 1083 62 40
4530 549 40 40
1425 1251 60 40
2066 2896 51 40
1256 302 72 40
1129 2610 66 40
3794 2616 43 40
3708 4140 40 40
709 1329 62 40
2959 857 71 40
2327 4862 59 40
1905 1698 79 40
534 3164 52 40
1007 4420 71 40
1680 110 46 40
2677 2216 79 40
1194 2208 79 40
2766 2620 56 40
3459 4833 45 40
516 4716 65 40
135 1646 62 40
2326 3930 68 40
4263 1035 48 40
3070 4972 69 40
2364 1029 74 40
830 4692 54 40
892 2736 58 40
1390 1426 69 40
901 2398 66 40
847 2581 69 40
2509 3525 46 40
4798 3703 49 40
733 2565 70 40
1323 4193 66 40
2398 1840 60 40
3909 2534 62 40
3486 1236 53 40
1464 2749 64 40
2271 4534 62 40
2722 4636 75 40
564 3552 56 40
4328 1456 42 40
1288 719 74 40
2883 2189 68 40
3117 3731 74 40
4771 626 41 40
2256 4570 68 40
4329 2990 74 40
2136 653 58 40
2183 4535 74 40
2493 1093 59 40
2069 979 40 40
2330 3533 62 40
3729 4601 67 40
3067 1451 70 40
4238 3632 56 40
4 3566 42 40
89 1292 48 40
4285 2973 46 40
3482 2403 69 40
1704 3254 77 40
3029 3961 52 40
2824 2359 78 40
1951 4960 67 40
3012 4135 79 40
4495 506 59 40
229 1565 50 40
1485 2559 52 40
98 215 44 40
2161 3166 73 40
1667 1399 48 40
1798 1671 60 40
4966 1888 75 40
2964 4252 43 40
4861 1447 48 40
1655 1566 70 40
4701 4685 44 40
527 2526 77 40
2044 2479 64 40
2487 57 62 40
1615 1983 71 40
563 1844 43 40
3548 2049 63 40
4404 3646 53 40
2264 1566 71 40
1812 3932 53 40
2965 3611 70 40
603 2932 73 40
499 3568 62 40
2184 361 77 40
15 3839 63 40
1927 4716 60 40
3524 2455 50 40
2243 569 61 40
4934 4730 48 40
627 1550 50 40
1713 1191 41 40
3395 261 59 40
3240 2800 62 40
3908 505 45 40
4366 720 52 40
4437 2332 71 40
4331 41 65 40
264 4831 48 40
3609 2448 74 40
192 3625 74 40
1288 2119 78 40
3342 4812 78 40
4575 585 71 40
382 4510 62 40
315 1009 61 40
1060 2028 62 40
2200 4455 66 40
2290 441 45 40
2256 1198 76 40
946 1622 57 40
1919 384 59 40
3954 1251 67 40
426 4218 51 40
1083 4036 41 40
1667 1275 65 40
2661 2956 74 40
3395 1003 62 40
2768 2970 75 40
1588 3151 55 40
2480 1903 70 40
4161 3541 45 40
3932 1361 57 40
2996 1223 49 40
1803 252 68 40
2422 2750 62 40
1875 4341 62 40
3134 829 59 40
593 3561 48 40
48 1676 70 40
2597 1716 54 40
2952 258 42 40
4672 1347 68 40
1261 2441 52 40
4318 2850 73 40
592 1798 51 40
4753 4753 74 40
339 3686 56 40
1115 3336 77 40
4909 2918 79 40
3589 2332 53 40
669 464 54 40
1674 3804 59 40
1294 2267 40 40
2365 1343 66 40
3944 4962 60 40
3059 1896 66 40
221 2731 60 40
3243 1482 43 40
173 2561 61 40
4333 765 76 40
4360 4086 74 40
519 4700 67 40
2773 1635 53 40
3036 2683 44 40
4554 1625 55 40
15 223 75 40
2090 1689 66 40
4027 3385 75 40
3957 1392 43 40
4728 2901 57 40
1355 2787 49 40
4798 1576 46 40
519 3041 45 40
3059 692 62 40
603 2392 40 40
1458 4964 57 40
1479 1977 56 40
4664 4252 56 40
3613 2701 55 40
1936 3167 56 40
4327 1952 70 40
3390 1417 70 40
3641 2418 75 40
4802 2599 71 40
3811 4530 56 40
501 166 56 40
2318 299 57 40
1743 2837 76 40
3341 4802 60 40
3529 3944 79 40
2195 4987 72 40
3909 3674 54 40
1965 3573 66 40
2927 578 45 40
1274 4864 58 40
3746 601 42 40
1816 2137 41 40
2019 458 44 40
4555 1822 77 40
3057 3367 45 40
1353 3558 61 40
3533 3671 47 40
3857 277 51 40
1509 2198 67 40
79 39 69 40
1143 2275 51 40
27 53 45 40
950 1993 46 40
3626 3877 67 40
2571 4901 60 40
3742 1317 63 40
503 558 58 40
3455 2523 50 40
1016 3010 59 40
4345 4074 49 40
1377 699 66 40
2632 4911 75 40
4370 1490 66 40
188 880 62 40
3689 268 55 40
919 4833 65 40
2544 947 55 40
4886 3494 69 40
2940 3513 52 40
2372 512 60 40
3415 1114 48 40
1830 3918 54 40
1672 285 61 40
1442 2689 52 40
3296 787 51 40
1763 4674 67 40
1486 4396 74 40
4586 857 58 40
886 4774 78 40
1738 4576 61 40
43 2657 48 40
4409 2588 49 40
3605 4295 66 40
1082 1545 54 40
2809 3454 77 40
2057 1224 46 40
4568 3887 77 40
143 1241 55 40
4172 1585 57 40
3930 2469 56 40
2372 693 65 40
2143 3859 43 40
89 1729 52 40
4717 976 51 40
1504 1455 66 40
552 1548 68 40
4113 4961 77 40
4136 2718 41 40
4257 218 58 40
4264 2066 49 40
3673 1321 62 40
3290 3242 66 40
209 3433 64 40
4483 4382 44 40
19 3413 79 40
1851 2392 76 40
4107 3994 71 40
1251 4196 73 40
724 969 55 40
172 2228 69 40
2424 725 54 40
3776 1538 63 40
687 2912 78 40
4257 4944 41 40
3131 3521 78 40
2011 1804 76 40
4842 302 48 40
47 52 75 40
3736 4530 51 40
4434 3755 65 40
2944 1285 52 40
1147 2051 77 40
280 2399 68 40
1248 1004 65 40
3368 1421 48 40
3232 793 55 40
2146 2009 54 40
2331 2833 46 40
4922 1588 56 40
2778 3053 72 40
110 4790 56 40
4858 4952 78 40
92 4905 59 40
5 3828 40 40
4436 4439 42 40
2583 2380 58 40
725 3730 77 40
4431 1006 74 40
1130 679 51 40
2010 4498 52 40
2100 243 63 40
292 4247 66 40
2253 2623 75 40
2080 2175 62 40
4212 4859 67 40
229 4322 73 40
4649 88 58 40
4275 4741 75 40
4994 4281 69 40
3570 4430 70 40
3720 1153 61 40
1810 4446 42 40
4884 1242 67 40
452 1014 50 40
1922 2463 68 40
513 4023 76 40
2707 805 65 40
3270 4961 42 40
3429 351 42 40
2136 2642 42 40
210 2366 74 40
1965 4860 59 40
2454 1241 41 40
4602 2449 53 40
522 3172 60 40
1879 4243 44 40
4326 3690 72 40
3689 4210 57 40
4933 4142 78 40
225 1855 43 40
1605 739 69 40
878 4313 61 40
1544 4148 69 40
4274 4974 65 40
4499 1411 43 40
2616 4710 57 40
3777 4581 59 40
4570 1232 62 40
822 4172 53 40
3682 1344 49 40
2345 561 52 40
587 1671 74 40
4252 4277 51 40
882 4185 79 40
3419 1107 44 40
1040 25 79 40
1846 1918 76 40
4339 3391 70 40
1067 3613 42 40
3365 567 79 40
25 982 72 40
277 3802 76 40
563 4848 58 40
35 1386 73 40
4021 3717 50 40
2731 1366 79 40
4279 3319 77 40
3037 3531 43 40
2596 3919 56 40
2717 1016 75 40
27 3757 46 40
1041 1874 46 40
676 380 57 40
265 1743 76 40
3994 3631 72 40
2311 4019 60 40
4613 2589 53 40
2822 177 51 40
2437 2858 43 40
1563 1459 66 40
1576 4294 60 40
2825 855 55 40
2614 863 61 40
4387 210 72 40
4782 2104 55 40
1226 4810 65 40
862 2268 71 40
1684 1538 51 40
2649 1950 55 40
3282 1643 73 40
582 594 50 40
663 195 48 40
3183 3485 70 40
373 620 69 40
1343 1936 41 40
2079 2920 41 40
1231 4905 68 40
3775 3845 79 40
768 3163 44 40
4056 551 45 40
267 283 74 40
361 1130 51 40
2551 2046 51 40
2669 201 51 40
3997 952 48 40
1844 4579 43 40
1546 2508 72 40
4775 4729 61 40
993 148 55 40
350 2337 75 40
2085 2429 48 40
258 3317 75 40
2335 4033 51 40
2162 3103 69 40
2197 1219 67 40
3655 2465 66 40
1502 4017 55 40
3595 4053 59 40
1063 1264 78 40
4254 61 71 40
2216 1099 53 40
4641 3762 48 40
3608 4416 79 40
3492 4602 44 40
4565 3842 77 40
1940 1651 41 40
1271 2198 45 40
4968 3607 66 40
1231 2131 40 40
1710 3429 50 40
3350 365 71 40
894 4852 74 40
4382 4489 62 40
3906 446 43 40
753 3161 46 40
508 2970 70 40
4261 149 47 40
1733 2869 79 40
4566 225 52 40
2471 4132 62 40
4067 4411 75 40
783 339 60 40
1610 751 57 40
3946 2842 46 40
2883 657 50 40
1271 1233 45 40
1022 2165 73 40
1086 405 66 40
1654 4993 64 40
852 2408 71 40
3155 1360 58 40
378 2416 77 40
1509 2111 79 40
286 1076 58 40
2337 2758 41 40
208 1404 77 40
2170 991 59 40
1744 3780 47 40
1743 690 64 40
1622 4626 59 40
1347 2893 58 40
860 2370 55 40
58 1947 54 40
2776 1712 41 40
1940 3628 59 40
4121 96 61 40
4989 4500 71 40
2512 1499 66 40
1612 2799 60 40
2575 3949 43 40
557 2783 48 40
354 2728 56 40
3775 2098 64 40
1508 518 66 40
2788 3131 62 40
145 4136 75 40
1024 1006 72 40
1506 1083 55 40
2954 4282 62 40
2796 4894 56 40
2911 1917 47 40
4991 2900 41 40
1417 2503 54 40
4399 3029 46 40
303 1975 59 40
1979 861 56 40
4758 2333 44 40
3589 3533 78 40
4431 98 64 40
4052 2219 68 40
3229 4198 58 40
1356 4253 43 40
204 2862 44 40
337 3158 72 40
2145 3133 44 40
3053 57 63 40
50 3044 53 40
2957 1468 75 40
548 2357 50 40
4498 852 74 40
4332 1477 79 40
1713 4091 59 40
3810 302 50 40
2625 3241 64 40
400 1677 46 40
461 3629 73 40
875 1817 60 40
2883 1080 78 40
4679 3220 49 40
4239 1825 43 40
1353 2293 55 40
1882 1404 56 40
337 4840 44 40
2872 886 69 40
2198 2370 63 40
1738 1531 63 40
3847 3452 46 40
622 2658 67 40
3754 3247 62 40
899 4155 71 40
4925 1360 56 40
2785 801 40 40
3177 668 74 40
1881 2857 60 40
3889 1120 72 40
4682 243 78 40
3413 1565 44 40
1648 3751 46 40
1406 4521 74 40
4638 3604 55 40
1891 1377 41 40
135 739 74 40
4829 758 74 40
3398 3583 51 40
4006 4297 59 40
2739 3931 40 40
657 524 45 40
4732 3835 79 40
1193 1614 79 40
1692 82 54 40
2735 1375 43 40
326 1149 54 40
2941 1974 70 40
4901 4347 48 40
1495 4539 44 40
2952 3387 53 40
916 3088 71 40
4127 745 51 40
3846 2525 41 40
4329 2853 54 40
1822 2068 42 40
1784 2480 57 40
2592 1517 54 40
1315 3786 76 40
3131 3008 78 40
3869 867 47 40
4384 4195 74 40
2016 2325 43 40
1169 1917 54 40
1673 2664 69 40
1457 4625 58 40
1052 2373 55 40
2713 179 63 40
3119 1560 53 40
2704 2448 67 40
4413 4527 42 40
4517 1198 54 40
2007 2110 72 40
2715 3323 42 40
896 847 53 40
1332 4765 46 40
1715 716 46 40
3960 3731 68 40
3042 130 77 40
649 4715 54 40
2795 2106 72 40
4340 3847 51 40
4480 2054 46 40
4026 2599 43 40
3615 1731 52 40
47 3028 60 40
1259 4564 45 40
4227 3266 70 40
1674 1942 74 40
1590 2570 42 40
2790 2922 69 40
2336 4505 42 40
3639 1296 76 40
3237 1681 72 40
1427 3887 56 40
1396 4222 66 40
993 737 51 40
3069 473 71 40
2792 2096 49 40
3072 1407 64 40
3828 3120 58 40
4436 87 51 40
2684 3663 78 40
3354 4359 51 40
606 4944 54 40
1930 3397 52 40
2867 4266 58 40
2903 1507 60 40
563 1140 40 40
3188 1990 55 40
28 4585 74 40
1213 1021 73 40
323 4283 67 40
1495 3115 40 40
1379 4568 76 40
4523 208 79 40
2688 3959 61 40
295 373 42 40
2623 3649 70 40
4732 3230 56 40
3594 1663 45 40
1627 1462 59 40
930 4530 58 40
2969 1493 41 40
671 1158 51 40
3484 699 74 40
743 4697 67 40
1721 1067 62 40
3981 3216 66 40
4183 360 77 40
2785 3706 47 40
569 473 45 40
2666 864 49 40
846 290 46 40
4514 579 57 40
3520 3109 63 40
2242 147 58 40
4571 3172 75 40
4678 2541 44 40
4666 350 58 40
3699 3151 51 40
1049 4443 78 40
2849 2771 51 40
511 1830 78 40
988 4694 79 40
2191 3773 48 40
3401 2760 77 40
4246 1068 60 40
3625 93 51 40
1358 3139 67 40
673 4878 76 40
1249 2916 56 40
26 820 46 40
1089 4705 55 40
3362 755 58 40
55 2062 58 40
3906 1105 50 40
1506 1756 46 40
3876 2017 41 40
3586 4865 77 40
1711 777 43 40
3638 112 48 40
3537 2885 42 40
1181 2163 53 40
2978 2539 55 40
302 3652 59 40
2418 1552 77 40
1568 2444 73 40
2373 2657 55 40
2149 735 41 40
3413 2205 52 40
2797 2320 66 40
3310 4303 40 40
4076 2187 64 40
1320 2662 64 40
2052 3032 40 40
3439 690 73 40
3145 1977 61 40
3576 4326 61 40
4140 1555 44 40
1866 4443 49 40
207 4284 58 40
995 1775 61 40
1728 3369 56 40
4433 3878 73 40
4104 2846 40 40
1084 1902 75 40
166 4394 43 40
1206 4242 46 40
1581 2527 76 40
1904 3634 40 40
559 344 50 40
4325 3705 45 40
2322 2901 43 40
3032 1463 64 40
4456 4898 60 40
906 4663 63 40
4182 1902 61 40
1439 911 54 40
272 872 78 40
4790 4376 62 40
3718 874 66 40
1279 3885 64 40
269 2485 62 40
3127 1851 50 40
12 32 48 40
485 572 62 40
377 4810 44 40
4278 2699 70 40
2711 2310 44 40
4162 2167 49 40
2208 69 40 40
1831 1391 62 40
1972 3270 70 40
2302 2244 57 40
4143 2093 55 40
1621 2862 70 40
2967 2900 52 40
1747 3236 59 40
385 4875 77 40
87 398 49 40
4908 573 60 40
971 285 48 40
383 249 54 40
2984 3094 63 40
2560 2147 72 40
262 4769 75 40
2216 2093 46 40
1160 4189 53 40
364 3463 49 40
1433 4508 45 40
557 3054 75 40
2370 3525 75 40
954 4118 70 40
1761 1340 58 40
3994 1849 46 40
1739 3902 78 40
2423 2710 41 40
4187 2806 50 40
2960 2172 69 40
901 521 45 40
4320 1164 59 40
290 1536 70 40
3258 1451 67 40
726 3622 50 40
4915 2159 47 40
3130 472 43 40
214 501 41 40
3997 1169 60 40
4619 759 62 40
2509 3614 78 40
2609 4249 69 40
2516 32 42 40
1960 1704 47 40
2839 4921 44 40
3877 3740 66 40
442 3197 79 40
4904 733 79 40
4734 3162 73 40
2184 460 52 40
1785 2100 49 40
2619 4916 78 40
2573 2833 48 40
418 1571 44 40
4003 38 68 40
2330 1513 67 40
3652 4940 51 40
762 1168 67 40
4973 2722 69 40
2872 2812 62 40
2644 1749 57 40
1553 3086 75 40
4947 1458 42 40
3819 4681 48 40
4620 1004 62 40
141 1406 52 40
3105 2761 55 40
1323 678 66 40
595 1741 54 40
2249 4598 75 40
1779 4580 48 40
1111 431 52 40
4520 1873 65 40
1600 4494 51 40
4596 4473 59 40
2306 2240 69 40
1223 3860 77 40
327 1170 59 40
318 4147 69 40
851 4939 70 40
151 992 72 40
1345 3256 78 40
3754 2668 69 40
3935 4349 41 40
4410 1184 43 40
3947 1189 58 40
765 58 68 40
1621 286 55 40
1932 3221 46 40
4780 1529 58 40
2694 2086 77 40
3769 3917 63 40
947 4096 53 40
87 1265 40 40
3243 938 71 40
1204 3395 76 40
1931 2550 52 40
1652 685 47 40
219 587 62 40
35 4629 66 40
1772 3982 43 40
819 2537 71 40
4041 2440 79 40
2824 973 69 40
661 2604 42 40
2503 3356 59 40
4691 1272 58 40
2273 638 40 40
369 2361 79 40
1903 3613 48 40
3300 3108 71 40
2009 231 71 40
658 3661 46 40
917 877 60 40
4249 953 72 40
506 1022 50 40
4935 1326 79 40
3560 3977 61 40
3766 1384 65 40
4951 4427 45 40
3988 2454 79 40
2783 3679 63 40
3727 57 69 40
4317 4096 52 40
2418 1221 63 40
2710 718 61 40
4329 4719 48 40
950 4987 75 40
3380 1868 69 40
865 2630 70 40
2821 1372 62 40
3652 2757 72 40
2698 2212 61 40
1734 1464 62 40
3597 1685 61 40
892 2585 64 40
4140 3676 42 40
1265 2867 40 40
3733 583 64 40
1964 1152 41 40
1804 4674 48 40
1870 1134 56 40
4393 2820 73 40
1122 2773 55 40
4688 1988 77 40
403 2510 65 40
3360 4056 65 40
267 1059 76 40
1269 2001 47 40
2523 4866 51 40
3687 3416 42 40
2451 2828 46 40
2093 3717 74 40
695 826 71 40
4300 2659 59 40
1979 1105 57 40
2333 3849 52 40
2240 1726 68 40
1670 3362 53 40
4500 1359 42 40
350 4904 58 40
3869 3711 76 40
3961 4136 74 40
4770 230 40 40
1138 2294 59 40
96 4826 56 40
711 2548 65 40
2654 2804 61 40
1265 3350 56 40
3631 566 50 40
1009 610 63 40
1672 3343 65 40
4460 3912 66 40
70 1130 56 40
2275 4571 41 40
2490 2625 63 40
4476 1360 42 40
1337 3437 67 40
497 1108 59 40
3667 1636 49 40
3402 3764 78 40
1462 4114 62 40
1312 4117 56 40
1918 2578 73 40
2467 549 53 40
3145 3476 76 40
1160 4817 51 40
1820 620 66 40
3729 1890 64 40
1751 1004 64 40
1462 4241 68 40
3630 938 43 40
602 4968 61 40
4375 1099 63 40
1076 3043 44 40
2735 4478 40 40
1808 4198 79 40
3592 3121 69 40
3315 511 62 40
699 782 56 40
1060 3845 79 40
4259 2220 45 40
3662 1079 42 40
2841 2391 66 40
2970 4592 61 40
3396 4433 43 40
3834 2027 50 40
371 4436 63 40
1995 4747 70 40
536 3071 70 40
2790 3272 73 40
2550 4598 69 40
2471 1143 52 40
2720 786 49 40
1654 3419 63 40
1569 2715 65 40
2264 828 45 40
4936 927 74 40
1908 2777 52 40
3319 4879 70 40
2370 1715 59 40
4312 1204 40 40
3742 4683 73 40
641 737 40 40
4430 1178 64 40
3809 2221 77 40
4451 1359 41 40
1820 1922 63 40
2502 4540 66 40
2709 4157 63 40
2960 4278 40 40
1872 225 66 40
107 1809 68 40
1152 2015 42 40
4586 4471 53 40
1894 1956 49 40
1187 1207 45 40
3161 4930 63 40
890 3803 73 40
668 321 76 40
4981 4477 53 40
2543 4432 66 40
836 4364 66 40
1355 3339 65 40
3905 4064 76 40
2496 1866 49 40
3342 4369 51 40
2091 3450 42 40
1178 3244 44 40
465 765 63 40
2716 2360 72 40
2722 3903 63 40
3567 883 64 40
3833 4458 65 40
4686 4502 63 40
4780 4668 48 40
3979 2324 62 40
4101 4816 64 40
1688 456 72 40
3155 594 49 40
4521 652 47 40
2460 2864 72 40
22 4552 76 40
1314 1201 75 40
2797 1780 74 40
1966 513 49 40
4140 4688 45 40
4417 2708 40 40
572 3251 73 40
2167 259 78 40
2753 1948 76 40
4927 1732 46 40
4272 4028 65 40
1549 961 63 40
4485 4705 72 40
1555 4006 61 40
357 4016 73 40
1870 380 43 40
3569 3184 63 40
1581 1366 77 40
4964 3548 67 40
1880 4105 55 40
3237 1298 60 40
1814 3809 51 40
4549 3981 40 40
4068 2303 44 40
929 3995 60 40
4036 202 63 40
3024 585 68 40
1163 2509 52 40
290 2719 72 40
1516 648 76 40
1736 3386 44 40
1028 305 68 40
1571 2610 72 40
1672 1536 79 40
1159 3552 78 40
641 4396 78 40
4851 2456 79 40
3205 4401 71 40
1438 2273 76 40
1704 2368 76 40
1269 740 78 40
2570 4294 61 40
1326 3733 59 40
1803 1616 70 40
1453 3319 43 40
2265 3189 52 40
1706 3294 73 40
3494 3277 66 40
905 167 49 40
4813 2064 60 40
3720 455 42 40
1460 3571 70 40
2912 4666 72 40
2972 4350 42 40
1939 4676 74 40
1718 3209 52 40
417 4288 66 40
2503 1744 63 40
3022 4307 65 40
3361 4476 58 40
2627 626 59 40
2665 4333 69 40
3921 1160 47 40
2611 4826 52 40
1327 2425 68 40
1890 47 46 40
2880 3351 50 40
3619 792 67 40
3017 1591 77 40
142 4957 46 40
1268 1861 63 40
3166 1686 75 40
1149 670 68 40
3430 4172 43 40
4977 1791 65 40
3648 2605 72 40
2417 1314 56 40
1938 1338 59 40
2474 4549 58 40
1165 3801 65 40
1974 3056 40 40
3849 4855 60 40
1407 2468 56 40
648 4424 72 40
4060 791 63 40
4381 329 50 40
2652 2548 45 40
2015 3802 49 40
3219 445 73 40
2974 3197 70 40
2236 1623 68 40
802 4654 53 40
2937 2741 60 40
993 412 76 40
2290 2158 65 40
4214 4265 49 40
214 3063 42 40
4121 1622 75 40
532 4769 76 40
1046 4593 79 40
560 428 42 40
4922 3212 60 40
2977 1937 75 40
2015 1197 71 40
2382 4990 64 40
4394 4619 61 40
1613 196 63 40
4274 4551 40 40
2937 267 41 40
4963 228 42 40
2426 4177 66 40
4494 2641 41 40
2241 3615 63 40
4263 2774 42 40
3384 310 74 40
2367 3945 46 40
739 2289 53 40
2158 3716 79 40
4226 4173 56 40
4913 1609 46 40
4163 4308 70 40
1229 777 45 40
4505 503 60 40
329 2443 50 40
770 292 41 40
2671 3197 45 40
4470 2166 60 40
838 1711 43 40
781 102 40 40
4485 4166 56 40
412 1853 43 40
3112 1151 43 40
4142 270 77 40
4868 3369 79 40
4443 4782 74 40
4978 3607 62 40
4090 1207 60 40
4385 3595 58 40
1711 4714 62 40
1039 2481 61 40
7 3710 60 40
679 4477 49 40
877 1517 63 40
1189 1658 43 40
1619 675 51 40
825 2032 57 40
2528 3937 50 40
3183 1671 64 40
4207 3052 57 40
40 3651 66 40
2834 19 71 40
2259 1925 48 40
1227 1644 72 40
521 2938 51 40
1359 1560 59 40
420 1366 73 40
271 1099 56 40
844 1148 79 40
2616 2034 77 40
2807 4236 57 40
2710 3632 56 40
1268 239 41 40
2569 4452 61 40
1910 1777 54 40
2504 1951 41 40
429 339 55 40
1970 2688 76 40
2265 3197 62 40
4332 2786 74 40
1136 692 59 40
4347 1556 43 40
2058 4619 54 40
2655 2903 68 40
767 272 67 40
4937 3574 57 40
4508 2648 40 40
2207 777 45 40
2887 4777 68 40
229 4798 64 40
1554 2734 63 40
1749 1984 55 40
3074 3720 56 40
4672 339 71 40
1918 4005 47 40
3126 3054 67 40
4697 2473 50 40
4610 1756 41 40
2093 2266 44 40
4659 2860 50 40
2538 4597 78 40
1435 2047 62 40
2245 3643 66 40
2824 132 40 40
3420 3054 43 40
4931 4975 41 40
788 1680 41 40
1959 3862 59 40
400 1631 77 40
4202 2319 63 40
637 2328 53 40
373 334 57 40
4802 4984 67 40
2090 1895 68 40
2250 1750 45 40
4756 4788 55 40
1347 1191 46 40
1836 3593 45 40
4834 4661 60 40
3726 3255 74 40
2715 3657 70 40
3230 3504 43 40
337 189 49 40
2367 738 46 40
1821 1569 74 40
3057 2458 56 40
3898 3431 74 40
2793 3700 45 40
3415 4884 58 40
596 665 78 40
1635 352 55 40
454 2983 57 40
1543 2290 61 40
1576 1378 42 40
1951 302 57 40
4633 4667 65 40
3959 2864 43 40
3171 4297 59 40
3054 539 44 40
36 4876 41 40
2109 3094 42 40
2335 1007 58 40
1525 128 58 40
4708 4941 70 40
13 304 46 40
606 1648 64 40
656 1061 45 40
4631 2200 52 40
3351 1208 70 40
3578 303 65 40
1510 3212 46 40
4971 470 60 40
1077 3143 69 40
4767 4131 56 40
3682 4804 67 40
4008 791 63 40
2898 1343 73 40
1799 4424 61 40
1472 1507 69 40
4365 1485 51 40
1811 4972 60 40
3134 2467 45 40
1033 2766 68 40
4667 4385 42 40
3974 3246 48 40
4689 484 46 40
1459 4660 67 40
955 2537 52 40
2803 722 65 40
1669 1485 72 40
527 677 53 40
2277 3426 68 40
2020 4076 51 40
2850 3492 72 40
583 2216 59 40
4978 2395 57 40
2188 3112 57 40
4862 3222 64 40
878 4530 70 40
2607 4852 47 40
2777 2297 50 40
337 4237 77 40
1957 1292 68 40
1774 4761 79 40
2015 3444 53 40
1246 2543 56 40
4121 3524 63 40
969 1141 47 40
2601 3820 78 40
4634 3185 53 40
1036 4612 58 40
580 3225 58 40
2724 443 58 40
1447 3603 47 40
4974 4055 61 40
3456 2751 66 40
1352 3793 53 40
1989 3310 48 40
86 3764 78 40
3071 2102 79 40
2208 4318 41 40
4645 1329 52 40
2842 614 68 40
2471 444 52 40
4434 2105 45 40
3629 470 47 40
1717 4209 70 40
3696 4442 63 40
4653 143 72 40
3045 4627 60 40
4199 1502 71 40
2379 552 42 40
295 4369 57 40
3862 382 59 40
3133 1934 42 40
2484 341 71 40
1252 2129 76 40
1671 4095 66 40
2743 4143 78 40
4539 2177 74 40
1248 3168 79 40
2648 2966 57 40
2378 1344 52 40
2409 2032 57 40
1488 455 64 40
1659 688 74 40
1957 4039 44 40
1240 2253 78 40
3408 103 42 40
2635 1541 43 40
2037 119 77 40
1883 3290 44 40
2248 3555 56 40
2385 4992 65 40
2698 1925 56 40
2170 3947 62 40
93 4818 72 40
1914 2472 46 40
1163 4324 45 40
4504 2652 65 40
4779 1164 67 40
3341 1737 76 40
203 4581 67 40
3990 3612 44 40
4685 1626 56 40
153 1723 70 40
1745 2037 76 40
13 3994 52 40
593 2399 56 40
3986 3291 74 40
4324 1157 46 40
2239 4418 55 40
975 4154 51 40
1890 2139 59 40
3478 1395 73 40
4792 3258 76 40
2560 3133 53 40
4995 2764 77 40
2715 3986 74 40
1376 2401 56 40
612 1530 41 40
4124 2358 71 40
3568 4138 60 40
1353 4161 57 40
1537 340 57 40
2452 861 77 40
1497 4692 79 40
279 2473 50 40
3846 2170 43 40
4613 2324 45 40
3566 4405 75 40
582 1126 71 40
2539 578 41 40
3891 255 63 40
4565 267 75 40
2656 178 58 40
1797 1781 53 40
2537 366 72 40
919 3890 70 40
4527 2456 70 40
4231 1979 67 40
3317 728 77 40
1672 3597 45 40
3202 518 79 40
767 2816 56 40
2843 4333 79 40
2221 3426 75 40
460 4761 70 40
4004 4351 77 40
16 3570 69 40
4619 2673 46 40
3748 1417 78 40
4454 1286 61 40
1783 374 67 40
176 1310 56 40
2830 4408 79 40
3290 1148 64 40
137 4962 56 40
4746 3339 50 40
480 513 68 40
1155 3324 61 40
4847 3377 45 40
1750 308 59 40
3139 755 63 40
4660 3156 69 40
4325 4279 55 40
830 3074 41 40
696 284 43 40
4360 2480 48 40
659 4537 72 40
3790 3489 73 40
3945 2080 75 40
4638 4082 69 40
2043 4384 79 40
2422 2524 74 40
4898 3578 46 40
848 4746 78 40
1956 2598 69 40
55 95 76 40
3353 4715 75 40
3252 2679 59 40
3995 4082 43 40
753 4691 74 40
4367 113 41 40
2172 26 71 40
4650 962 50 40
3516 3595 41 40
3043 3155 55 40
2678 87 66 40
2540 101 51 40
2611 2438 44 40
3679 3460 48 40
2185 635 56 40
1059 2240 64 40
731 4412 71 40
1956 3983 46 40
2092 951 40 40
3066 2845 73 40
642 2433 49 40
2958 2814 48 40
2460 2609 65 40
3777 976 43 40
1205 1821 43 40
4131 3883 55 40
1908 1671 42 40
3984 4519 78 40
4110 2663 62 40
2979 1296 41 40
3299 4039 67 40
3536 4031 58 40
3451 492 77 40
3015 544 47 40
1443 1081 62 40
3389 2086 71 40
3515 1348 48 40
4901 975 53 40
3957 3679 42 40
1952 162 49 40
500 1084 69 40
4046 2408 69 40
2756 3030 61 40
1928 1866 74 40
694 4908 77 40
3163 3994 78 40
3947 1699 58 40
3026 2399 69 40
2192 1041 44 40
2943 3635 59 40
2122 1332 62 40
722 638 53 40
2681 623 68 40
1613 1639 48 40
4302 3566 57 40
1802 4803 72 40
4650 848 64 40
2211 2406 59 40
3879 4139 70 40
4273 4574 46 40
4048 2436 61 40
3568 2995 58 40
4136 1594 65 40
394 1328 59 40
2636 3338 65 40
4964 4759 47 40
4671 687 51 40
397 2352 74 40
1311 2011 60 40
3991 614 53 40
577 793 44 40
417 228 49 40
1642 2628 43 40
2635 521 65 40
1768 1909 43 40
95 816 40 40
4346 3664 63 40
3812 3482 62 40
259 4207 70 40
4811 2895 68 40
2545 4776 42 40
2654 2216 52 40
463 3051 42 40
4568 1774 70 40
62 3560 61 40
2388 640 59 40
4354 2805 63 40
869 996 45 40
434 3504 79 40
1517 2203 53 40
414 1613 51 40
3020 4760 60 40
277 1832 72 40
3243 536 77 40
1039 3054 79 40
3431 3585 58 40
2831 1085 44 40
801 3294 50 40
4137 370 52 40
69 4200 64 40
3930 2457 64 40
4841 3285 57 40
263 710 74 40
4281 698 67 40
4214 799 43 40
2901 4628 78 40
2412 922 68 40
4389 2690 67 40
2755 2632 60 40
3226 3795 58 40
687 1658 55 40
2380 3518 62 40
2743 3181 71 40
1813 1881 57 40
3552 1882 53 40
1081 2482 52 40
4339 922 76 40
767 4603 76 40
1632 49 58 40
302 847 75 40
848 3203 50 40
476 3261 69 40
4126 4866 56 40
951 1881 42 40
2498 4177 66 40
676 3185 55 40
836 3057 60 40
1704 3580 71 40
1239 3517 66 40
461 4791 73 40
399 1542 56 40
2273 4739 50 40
2465 3041 51 40
4343 4098 50 40
3091 4645 78 40
4945 3940 54 40
2848 422 48 40
2201 1975 66 40
288 3153 41 40
3856 2786 69 40
2331 4533 44 40
972 3167 56 40
2590 2676 52 40
1747 3830 75 40
1194 2208 74 40
3621 1593 65 40
3751 895 48 40
1333 1216 70 40
3936 676 62 40
314 2028 66 40
321 260 66 40
968 3170 72 40
682 3170 56 40
145 971 42 40
1323 4002 75 40
3758 3654 43 40
3536 4730 58 40
1821 1127 56 40
2407 3568 74 40
4957 3602 44 40
777 3578 50 40
195 4528 50 40
4473 1528 55 40
744 3410 62 40
2205 1059 61 40
438 2526 53 40
1319 1407 76 40
696 2002 69 40
4577 842 40 40
2973 901 78 40
4844 1731 58 40
4555 3380 45 40
1462 1377 55 40
4508 3869 71 40
4945 4465 41 40
2471 722 49 40
3043 2667 56 40
251 2517 49 40
4196 996 79 40
927 1401 79 40
2055 1366 75 40
3928 3375 66 40
2773 4624 72 40
377 2351 52 40
466 3351 68 40
3252 311 67 40
82 2808 55 40
3691 1544 46 40
4185 3200 44 40
414 4130 50 40
2665 2886 51 40
4853 709 55 40
554 104 61 40
3226 4751 66 40
1101 4153 77 40
1152 3156 42 40
520 80 40 40
1531 3293 74 40
4705 1909 72 40
645 171 41 40
260 3898 72 40
483 343 51 40
1706 4175 46 40
1888 891 48 40
2375 2303 42 40
21 40 47 40
190 4875 57 40
749 744 58 40
4980 3975 57 40
495 1081 57 40
3129 1648 57 40
4238 3649 53 40
1729 770 43 40
1943 1434 49 40
2679 2589 65 40
1606 2940 71 40
1487 2090 77 40
3283 3193 41 40
1265 172 78 40
4084 3640 42 40
2475 4106 51 40
3680 2665 49 40
3981 4430 58 40
3409 3962 72 40
3405 3905 76 40
43 1535 55 40
554 4282 74 40
184 2283 77 40
52 2128 50 40
3718 2732 66 40
4717 325 79 40
672 1204 43 40
2415 3956 77 40
4397 3681 45 40
4128 3482 51 40
2321 1604 79 40
2588 1001 53 40
4269 1570 68 40
432 2679 58 40
532 3837 71 40
1585 576 46 40
373 2139 76 40
4858 558 44 40
4423 4910 50 40
2686 3142 46 40
2642 2404 70 40
3468 3315 42 40
3609 883 44 40
2271 3007 71 40
4564 1400 40 40
1489 1886 47 40
3004 4077 43 40
2888 2273 50 40
648 3320 65 40
4952 1180 75 40
2158 1537 46 40
1756 2531 41 40
3677 1614 70 40
3089 3100 44 40
1525 776 51 40
1243 4168 57 40
3180 4711 43 40
2483 1790 54 40
594 4754 55 40
4797 159 49 40
1154 1286 65 40
2045 4158 55 40
364 4934 62 40
1432 1012 54 40
3254 1385 74 40
2193 412 54 40
2923 3949 61 40
2943 1600 70 40
564 1033 58 40
4701 2090 71 40
1809 944 77 40
1258 4990 49 40
655 3741 73 40
1780 1250 41 40
3495 1577 40 40
1410 4650 74 40
2864 3456 48 40
3809 3229 43 40
3390 241 44 40
4242 1644 73 40
1626 1435 79 40
2056 4550 51 40
385 4999 74 40
1150 949 70 40
1033 851 55 40
3040 2842 46 40
1796 4298 47 40
2832 2451 59 40
3040 4613 60 40
3702 1535 63 40
1191 112 68 40
1186 4055 46 40
3568 4995 78 40
2285 1958 51 40
237 1527 61 40
3602 1864 72 40
2962 659 65 40
1414 3347 42 40
659 2565 63 40
4297 1692 44 40
3417 2337 73 40
4534 213 60 40
1636 2367 53 40
2665 4676 67 40
1980 1367 62 40
1212 3172 54 40
1479 2398 61 40
2227 48 71 40
2394 4512 58 40
2006 2632 65 40
1039 609 64 40
4497 4002 58 40
1268 911 76 40
2349 1927 59 40
3477 1647 48 40
3619 1894 52 40
3984 3153 66 40
2108 621 56 40
521 4774 72 40
297 2502 46 40
1141 1509 79 40
674 2621 60 40
3908 2901 53 40
2669 1302 78 40
2414 4675 72 40
3935 3454 74 40
284 3432 70 40
2457 1553 58 40
4344 4806 76 40
3480 2821 54 40
1454 2099 62 40
4716 438 70 40
253 1825 75 40
1059 774 76 40
1599 1357 57 40
3276 2740 57 40
2866 3950 50 40
362 1774 78 40
1852 3031 48 40
3077 4267 69 40
2707 2013 64 40
2722 2992 73 40
445 179 47 40
4545 4790 60 40
4986 3025 53 40
2612 1440 55 40
125 2328 73 40
1879 378 79 40
4153 2938 71 40
1153 753 65 40
4296 4429 46 40
3494 2162 70 40
3380 3856 46 40
3937 233 59 40
1888 2015 68 40
4501 4595 78 40
4028 2223 53 40
2588 4474 59 40
2402 2134 56 40
4264 2389 49 40
160 1876 74 40
3829 285 79 40
4205 708 79 40
664 3359 69 40
3647 1817 75 40
4112 2943 57 40
1247 2606 47 40
106 4628 46 40
1463 4043 55 40
4861 3351 55 40
1059 4362 75 40
2947 87 79 40
1586 535 49 40
4561 3989 42 40
2670 3825 60 40
1378 2830 62 40
702 208 58 40
3116 4907 54 40
916 3780 62 40
3267 4564 49 40
598 2379 40 40
2508 1845 68 40
4986 2614 40 40
1473 1449 46 40
1658 1335 47 40
4800 2717 69 40
698 2748 45 40
2805 2284 61 40
3284 2366 49 40
1273 954 62 40
1192 2651 71 40
3785 1895 43 40
2859 1901 61 40
1802 3776 70 40
682 69 73 40
3341 1280 57 40
2449 849 47 40
3126 2436 40 40
3464 4600 64 40
3885 123 63 40
935 3686 56 40
2841 1634 60 40
1434 646 63 40
3918 4718 65 40
3013 192 62 40
673 4205 43 40
2843 4458 48 40
1100 703 41 40
1359 2903 58 40
4480 2041 70 40
2973 2821 51 40
3322 423 58 40
3671 1448 59 40
2859 2136 52 40
1048 1744 64 40
2259 1984 67 40
431 101 42 40
3618 1865 70 40
748 2537 48 40
1584 3761 51 40
2729 2257 52 40
2967 573 79 40
1715 4068 55 40
1276 3075 73 40
1972 757 70 40
116 4945 49 40
3578 3438 51 40
369 2250 78 40
4887 3228 49 40
4386 936 75 40
4973 1646 62 40
2920 404 65 40
1747 1539 55 40
2270 2495 45 40
4077 3854 51 40
1257 1806 78 40
1111 4224 49 40
2379 2827 59 40
3292 3656 40 40
902 264 67 40
4414 1018 50 40
210 2992 51 40
4457 579 45 40
243 4345 70 40
3808 4629 63 40
281 3781 70 40
1275 3201 57 40
4185 3023 65 40
4741 1455 60 40
519 3818 66 40
310 1776 77 40
625 1421 72 40
1000 3005 65 40
4249 4293 53 40
1662 151 66 40
4558 1076 56 40
1170 4769 62 40
4069 627 78 40
348 4312 55 40
4973 4156 72 40
3941 254 74 40
2938 217 77 40
3456 2123 58 40
3241 3197 49 40
3579 3760 42 40
2016 3889 69 40
537 2641 48 40
311 1538 51 40
647 4561 49 40
831 2309 48 40
4712 390 79 40
3385 882 60 40
159 2454 60 40
1510 508 44 40
1767 1483 50 40
4664 709 43 40
1738 2602 75 40
926 194 67 40
4726 4168 69 40
3392 3306 55 40
2929 408 53 40
2196 3466 67 40
3050 2508 48 40
4 3697 79 40
2069 836 40 40
1006 1781 75 40
1226 4392 56 40
2664 1386 63 40
1846 4175 74 40
1894 3613 71 40
658 1559 55 40
4322 2396 68 40
4162 249 68 40
2591 3889 73 40
4418 983 78 40
2195 2347 71 40
1392 4392 63 40
813 4442 46 40
1900 818 43 40
3140 3970 73 40
1654 4146 55 40
751 2881 42 40
3538 3416 53 40
4267 385 75 40
2591 1162 47 40
3999 3250 63 40
2721 3322 79 40
647 1883 42 40
3572 3238 50 40
772 2990 69 40
4221 2968 58 40
338 613 64 40
2360 1152 56 40
56 4261 67 40
1970 3196 63 40
3231 3625 57 40
2342 3983 62 40
1506 881 40 40
2399 774 40 40
1267 4991 57 40
1936 266 71 40
3241 4657 56 40
3589 3888 45 40
1541 2161 60 40
2126 2314 50 40
152 1348 43 40
282 491 52 40
1962 2643 73 40
1643 2018 50 40
1904 3614 56 40
214 135 66 40
2239 2557 66 40
4119 3746 59 40
3439 1518 79 40
4520 4706 62 40
1510 1456 66 40
4973 4751 63 40
1114 3563 62 40
3640 2655 69 40
724 767 73 40
4969 877 51 40
2116 251 47 40
1369 4078 58 40
2894 3012 68 40
1096 4799 75 40
1627 1311 42 40
4934 3866 45 40
3868 4053 57 40
2612 2308 42 40
572 2133 45 40
2014 2083 75 40
3589 1988 73 40
1834 4703 62 40
551 475 40 40
2359 1276 54 40
1243 2328 72 40
2154 3359 44 40
2580 3523 66 40
2437 475 66 40
1536 3534 54 40
274 3163 43 40
4845 209 52 40
2029 3714 41 40
4263 4642 62 40
1022 4836 52 40
1775 3037 63 40
1919 365 48 40
25 3754 75 40
69 577 45 40
4229 2428 78 40
1853 472 69 40
4756 4007 57 40
3831 2337 46 40
2531 1269 47 40
2812 4067 45 40
4803 3086 41 40
2230 4648 50 40
3296 4260 50 40
3362 2559 59 40
3903 4385 52 40
2395 679 56 40
2422 4315 54 40
1044 2447 46 40
3069 1113 78 40
3024 2299 54 40
3542 4878 60 40
2772 3299 71 40
3886 1604 58 40
636 1417 47 40
2873 3448 57 40
485 2676 73 40
1535 2716 50 40
2325 4831 70 40
1976 688 74 40
2391 880 73 40
73 4787 42 40
1559 2495 57 40
4102 2604 41 40
4943 2171 78 40
3718 2968 63 40
4470 2260 40 40
2846 2242 68 40
559 1733 40 40
3846 1196 46 40
3150 1720 76 40
4644 3635 45 40
4397 1180 47 40
1351 1722 46 40
1012 3328 56 40
2411 3403 66 40
4209 2485 58 40
3190 768 73 40
4981 2292 40 40
3373 4924 64 40
4464 2091 71 40
2893 3934 55 40
4352 740 45 40
1177 4912 63 40
2473 24 73 40
1108 624 53 40
1744 753 40 40
4260 1141 67 40
1933 612 64 40
2864 2945 70 40
3940 276 61 40
1349 3150 57 40
2761 4539 73 40
3918 2742 79 40
1831 2292 59 40
2667 1295 71 40
4383 561 63 40
230 3735 59 40
1301 1408 59 40
3647 3774 63 40
1432 4755 65 40
4398 3177 56 40
509 3659 69 40
4319 2442 73 40
4271 2184 62 40
388 3212 46 40
2460 1737 59 40
1362 221 41 40
1276 281 79 40
2964 3108 60 40
2573 632 65 40
4404 1956 71 40
1193 4635 75 40
692 2494 71 40
1043 4340 54 40
1269 2476 69 40
4096 668 45 40
654 4605 54 40
4327 4973 57 40
2048 3598 69 40
2157 2436 45 40
1810 4617 78 40
4174 3172 47 40
4839 451 78 40
3453 2804 78 40
3560 1027 66 40
3436 2964 70 40
2983 4629 61 40
2600 3676 46 40
2123 3643 50 40
3016 3392 45 40
1120 2112 72 40
4061 1774 66 40
1717 3388 75 40
1747 3766 65 40
1986 3905 48 40
1202 3797 41 40
3523 377 45 40
1969 3362 49 40
828 423 40 40
1167 4389 65 40
1450 4603 75 40
2353 4434 71 40
4232 4954 61 40
3110 1356 67 40
3597 1127 45 40
4749 4718 51 40
3239 3810 72 40
1493 4957 60 40
2198 3241 68 40
3723 4185 61 40
2146 4926 65 40
2982 669 67 40
304 4952 69 40
4032 1133 64 40
376 199 65 40
522 1827 55 40
4802 2875 54 40
1262 4035 47 40
2829 4372 62 40
391 1427 64 40
500 140 53 40
1146 3739 54 40
3951 2639 50 40
3697 1150 48 40
880 2421 40 40
335 3026 59 40
2348 3318 49 40
3696 2652 45 40
3271 2729 68 40
3785 3648 49 40
2928 4307 71 40
475 2731 64 40
2183 1737 41 40
1766 13 53 40
1110 2158 51 40
1441 1610 47 40
2298 2587 64 40
350 1250 43 40
226 4048 67 40
2400 1107 53 40
1469 2736 65 40
4134 3817 53 40
1054 2830 40 40
1470 4326 54 40
559 255 77 40
2974 3488 66 40
4562 3450 70 40
1219 1745 51 40
188 2986 73 40
1759 1299 53 40
144 3200 75 40
2910 2443 47 40
787 3260 67 40
3693 1014 46 40
2309 1093 55 40
2121 3779 68 40
3829 1255 65 40
2596 4884 64 40
4086 4066 74 40
4211 4645 54 40
4322 2185 74 40
3134 3885 65 40
636 4353 78 40
631 824 75 40
2339 2390 79 40
2124 2484 50 40
590 34 42 40
4927 1377 63 40
3295 3620 54 40
2392 604 70 40
4714 4513 77 40
4383 3544 40 40
769 1980 43 40
3428 4855 77 40
1047 2639 55 40
4501 369 41 40
4825 2635 63 40
4254 461 45 40
1989 4885 52 40
1286 4329 57 40
2275 3410 59 40
1813 2866 48 40
3445 1741 64 40
4244 1740 47 40
362 1636 54 40
2344 76 40 40
1149 1728 75 40
3620 1919 79 40
3708 2049 64 40
1775 4755 69 40
4688 1276 53 40
125 4514 59 40
3912 4380 55 40
4976 902 52 40
4266 1263 55 40
231 1541 54 40
4674 2045 62 40
4408 3119 58 40
3786 3652 78 40
4859 4148 77 40
288 2204 48 40
4225 1438 75 40
3932 2845 77 40
3357 2641 52 40
4894 132 72 40
2397 4583 52 40
1409 2522 53 40
4097 321 56 40
1903 4074 58 40
1223 1169 66 40
337 1455 74 40
2710 11 77 40
3500 2119 74 40
3130 2287 59 40
771 2990 44 40
1435 1059 49 40
194 660 59 40
